   1.050000000000e+03   0.000000000000e+00   0.000000000000e+00
   1.053750000000e+03   9.000000000000e+01   7.500000000000e+01
   1.057218750000e+03   1.732500000000e+02   1.443750000000e+02
   1.060427343750e+03   2.502562500000e+02   2.085468750000e+02
   1.063395292969e+03   3.214870312500e+02   2.679058593750e+02
   1.066140645996e+03   3.873755039063e+02   3.228129199219e+02
   1.068680097546e+03   4.483223411133e+02   3.736019509277e+02
   1.071029090230e+03   5.046981655298e+02   4.205818046082e+02
   1.073201908463e+03   5.568458031151e+02   4.640381692625e+02
   1.075211765328e+03   6.050823678814e+02   5.042353065679e+02
   1.077070882929e+03   6.497011902903e+02   5.414176585753e+02
   1.078790566709e+03   6.909736010185e+02   5.758113341821e+02
   1.080381274206e+03   7.291505809422e+02   6.076254841185e+02
   1.081852678640e+03   7.644642873715e+02   6.370535728096e+02
   1.083213727742e+03   7.971294658186e+02   6.642745548489e+02
   1.084472698162e+03   8.273447558822e+02   6.894539632352e+02
   1.085637245800e+03   8.552938991911e+02   7.127449159926e+02
   1.086714452365e+03   8.811468567517e+02   7.342890472931e+02
   1.087710868437e+03   9.050608424954e+02   7.542173687461e+02
   1.088632553305e+03   9.271812793082e+02   7.726510660902e+02
   1.089485111807e+03   9.476426833601e+02   7.897022361334e+02
   1.090273728421e+03   9.665694821081e+02   8.054745684234e+02
   1.091003198790e+03   9.840767709500e+02   8.200639757916e+02
   1.091677958880e+03   1.000271013129e+03   8.335591776073e+02
   1.092302111964e+03   1.015250687144e+03   8.460422392867e+02
   1.092879453567e+03   1.029106885608e+03   8.575890713402e+02
   1.093413494549e+03   1.041923869188e+03   8.682698909897e+02
   1.093907482458e+03   1.053779578999e+03   8.781496491655e+02
   1.094364421274e+03   1.064746110574e+03   8.872884254781e+02
   1.094787089678e+03   1.074890152281e+03   8.957417935672e+02
   1.095178057952e+03   1.084273390860e+03   9.035611590497e+02
   1.095539703606e+03   1.092952886545e+03   9.107940721209e+02
   1.095874225836e+03   1.100981420054e+03   9.174845167119e+02
   1.096183658898e+03   1.108407813550e+03   9.236731779585e+02
   1.096469884481e+03   1.115277227534e+03   9.293976896116e+02
   1.096734643145e+03   1.121631435469e+03   9.346928628907e+02
   1.096979544909e+03   1.127509077809e+03   9.395908981739e+02
   1.097206079041e+03   1.132945896973e+03   9.441215808109e+02
   1.097415623113e+03   1.137974954700e+03   9.483124622501e+02
   1.097609451379e+03   1.142626833098e+03   9.521890275813e+02
   1.097788742526e+03   1.146929820615e+03   9.557748505127e+02
   1.097954586836e+03   1.150910084069e+03   9.590917367243e+02
   1.098107992823e+03   1.154591827764e+03   9.621598564699e+02
   1.098249893362e+03   1.157997440682e+03   9.649978672347e+02
   1.098381151360e+03   1.161147632631e+03   9.676230271921e+02
   1.098502565008e+03   1.164061560183e+03   9.700513001527e+02
   1.098614872632e+03   1.166756943169e+03   9.722974526412e+02
   1.098718757185e+03   1.169250172432e+03   9.743751436931e+02
   1.098814850396e+03   1.171556409499e+03   9.762970079162e+02
   1.098903736616e+03   1.173689678787e+03   9.780747323224e+02
   1.098985956370e+03   1.175662952878e+03   9.797191273983e+02
   1.099062009642e+03   1.177488231412e+03   9.812401928434e+02
   1.099132358919e+03   1.179176614056e+03   9.826471783801e+02
   1.099197432000e+03   1.180738368002e+03   9.839486400016e+02
   1.099257624600e+03   1.182182990402e+03   9.851524920015e+02
   1.099313302755e+03   1.183519266122e+03   9.862660551014e+02
   1.099364805048e+03   1.184755321163e+03   9.872961009688e+02
   1.099412444670e+03   1.185898672075e+03   9.882488933961e+02
   1.099456511320e+03   1.186956271670e+03   9.891302263914e+02
   1.099497272971e+03   1.187934551294e+03   9.899454594121e+02
   1.099534977498e+03   1.188839459947e+03   9.906995499562e+02
   1.099569854185e+03   1.189676500451e+03   9.913970837094e+02
   1.099602115122e+03   1.190450762917e+03   9.920423024312e+02
   1.099631956487e+03   1.191166955699e+03   9.926391297489e+02
   1.099659559751e+03   1.191829434021e+03   9.931911950177e+02
   1.099685092770e+03   1.192442226470e+03   9.937018553914e+02
   1.099708710812e+03   1.193009059484e+03   9.941742162370e+02
   1.099730557501e+03   1.193533380023e+03   9.946111500193e+02
   1.099750765688e+03   1.194018376521e+03   9.950153137678e+02
   1.099769458262e+03   1.194466998282e+03   9.953891652352e+02
   1.099786748892e+03   1.194881973411e+03   9.957349778426e+02
   1.099802742725e+03   1.195265825405e+03   9.960548545044e+02
   1.099817537021e+03   1.195620888500e+03   9.963507404166e+02
   1.099831221744e+03   1.195949321862e+03   9.966244348853e+02
   1.099843880113e+03   1.196253122723e+03   9.968776022689e+02
   1.099855589105e+03   1.196534138519e+03   9.971117820988e+02
   1.099866419922e+03   1.196794078130e+03   9.973283984413e+02
   1.099876438428e+03   1.197034522270e+03   9.975287685582e+02
   1.099885705546e+03   1.197256933100e+03   9.977141109164e+02
   1.099894277630e+03   1.197462663117e+03   9.978855525977e+02
   1.099902206808e+03   1.197652963383e+03   9.980441361528e+02
   1.099909541297e+03   1.197828991130e+03   9.981908259414e+02
   1.099916325700e+03   1.197991816795e+03   9.983265139958e+02
   1.099922601272e+03   1.198142430535e+03   9.984520254461e+02
   1.099928406177e+03   1.198281748245e+03   9.985681235376e+02
   1.099933775714e+03   1.198410617127e+03   9.986755142723e+02
   1.099938742535e+03   1.198529820842e+03   9.987748507019e+02
   1.099943336845e+03   1.198640084279e+03   9.988667368992e+02
   1.099947586582e+03   1.198742077958e+03   9.989517316318e+02
   1.099951517588e+03   1.198836422111e+03   9.990303517594e+02
   1.099955153769e+03   1.198923690453e+03   9.991030753775e+02
   1.099958517236e+03   1.199004413669e+03   9.991703447241e+02
   1.099961628443e+03   1.199079082644e+03   9.992325688698e+02
   1.099964506310e+03   1.199148151446e+03   9.992901262046e+02
   1.099967168337e+03   1.199212040087e+03   9.993433667393e+02
   1.099969630712e+03   1.199271137081e+03   9.993926142338e+02
   1.099971908408e+03   1.199325801800e+03   9.994381681663e+02
   1.099974015278e+03   1.199376366665e+03   9.994803055538e+02
   1.099975964132e+03   1.199423139165e+03   9.995192826373e+02
   1.099977766822e+03   1.199466403727e+03   9.995553364395e+02
   1.099979434310e+03   1.199506423448e+03   9.995886862065e+02
   1.099980976737e+03   1.199543441689e+03   9.996195347410e+02
   1.099982403482e+03   1.199577683563e+03   9.996480696354e+02
   1.099983723221e+03   1.199609357295e+03   9.996744644128e+02
   1.099984943979e+03   1.199638655498e+03   9.996988795818e+02
   1.099986073181e+03   1.199665756336e+03   9.997214636132e+02
   1.099987117692e+03   1.199690824611e+03   9.997423538422e+02
   1.099988083865e+03   1.199714012765e+03   9.997616773040e+02
   1.099988977575e+03   1.199735461807e+03   9.997795515062e+02
   1.099989804257e+03   1.199755302172e+03   9.997960851433e+02
   1.099990568938e+03   1.199773654509e+03   9.998113787575e+02
   1.099991276268e+03   1.199790630421e+03   9.998255253507e+02
   1.099991930547e+03   1.199806333139e+03   9.998386109494e+02
   1.099992535756e+03   1.199820858154e+03   9.998507151282e+02
   1.099993095575e+03   1.199834293792e+03   9.998619114936e+02
   1.099993613407e+03   1.199846721758e+03   9.998722681316e+02
   1.099994092401e+03   1.199858217626e+03   9.998818480217e+02
   1.099994535471e+03   1.199868851304e+03   9.998907094201e+02
   1.099994945311e+03   1.199878687456e+03   9.998989062136e+02
   1.099995324412e+03   1.199887785897e+03   9.999064882475e+02
   1.099995675081e+03   1.199896201955e+03   9.999135016290e+02
   1.099995999450e+03   1.199903986808e+03   9.999199890068e+02
   1.099996299492e+03   1.199911187798e+03   9.999259898313e+02
   1.099996577030e+03   1.199917848713e+03   9.999315405940e+02
   1.099996833752e+03   1.199924010059e+03   9.999366750494e+02
   1.099997071221e+03   1.199929709305e+03   9.999414244207e+02
   1.099997290879e+03   1.199934981107e+03   9.999458175891e+02
   1.099997494063e+03   1.199939857524e+03   9.999498812700e+02
   1.099997682009e+03   1.199944368210e+03   9.999536401747e+02
   1.099997855858e+03   1.199948540594e+03   9.999571171616e+02
   1.099998016669e+03   1.199952400049e+03   9.999603333745e+02
   1.099998165419e+03   1.199955970046e+03   9.999633083714e+02
   1.099998303012e+03   1.199959272292e+03   9.999660602435e+02
   1.099998430286e+03   1.199962326870e+03   9.999686057253e+02
   1.099998548015e+03   1.199965152355e+03   9.999709602959e+02
   1.099998656914e+03   1.199967765928e+03   9.999731382737e+02
   1.099998757645e+03   1.199970183484e+03   9.999751529032e+02
   1.099998850822e+03   1.199972419723e+03   9.999770164354e+02
   1.099998937010e+03   1.199974488243e+03   9.999787402028e+02
   1.099999016734e+03   1.199976401625e+03   9.999803346876e+02
   1.099999090479e+03   1.199978171503e+03   9.999818095860e+02
   1.099999158693e+03   1.199979808640e+03   9.999831738670e+02
   1.099999221791e+03   1.199981322992e+03   9.999844358270e+02
   1.099999280157e+03   1.199982723768e+03   9.999856031400e+02
   1.099999334145e+03   1.199984019485e+03   9.999866829045e+02
   1.099999384084e+03   1.199985218024e+03   9.999876816867e+02
   1.099999430278e+03   1.199986326672e+03   9.999886055602e+02
   1.099999473007e+03   1.199987352172e+03   9.999894601431e+02
   1.099999512532e+03   1.199988300759e+03   9.999902506324e+02
   1.099999549092e+03   1.199989178202e+03   9.999909818350e+02
   1.099999582910e+03   1.199989989837e+03   9.999916581974e+02
   1.099999614192e+03   1.199990740599e+03   9.999922838326e+02
   1.099999643127e+03   1.199991435054e+03   9.999928625451e+02
   1.099999669893e+03   1.199992077425e+03   9.999933978542e+02
   1.099999694651e+03   1.199992671618e+03   9.999938930152e+02
   1.099999717552e+03   1.199993221247e+03   9.999943510390e+02
   1.099999738736e+03   1.199993729653e+03   9.999947747111e+02
   1.099999758330e+03   1.199994199929e+03   9.999951666078e+02
   1.099999776456e+03   1.199994634935e+03   9.999955291122e+02
   1.099999793221e+03   1.199995037315e+03   9.999958644288e+02
   1.099999808730e+03   1.199995409516e+03   9.999961745966e+02
   1.099999823075e+03   1.199995753802e+03   9.999964615019e+02
   1.099999836344e+03   1.199996072267e+03   9.999967268892e+02
   1.099999848619e+03   1.199996366847e+03   9.999969723725e+02
   1.099999859972e+03   1.199996639334e+03   9.999971994446e+02
   1.099999870474e+03   1.199996891383e+03   9.999974094862e+02
   1.099999880189e+03   1.199997124530e+03   9.999976037748e+02
   1.099999889175e+03   1.199997340190e+03   9.999977834917e+02
   1.099999897486e+03   1.199997539676e+03   9.999979497298e+02
   1.099999905175e+03   1.199997724200e+03   9.999981035001e+02
   1.099999912287e+03   1.199997894885e+03   9.999982457376e+02
   1.099999918865e+03   1.199998052769e+03   9.999983773072e+02
   1.099999924950e+03   1.199998198811e+03   9.999984990092e+02
   1.099999930579e+03   1.199998333900e+03   9.999986115835e+02
   1.099999935786e+03   1.199998458858e+03   9.999987157147e+02
   1.099999940602e+03   1.199998574443e+03   9.999988120361e+02
   1.099999945057e+03   1.199998681360e+03   9.999989011334e+02
   1.099999949177e+03   1.199998780258e+03   9.999989835484e+02
   1.099999952989e+03   1.199998871739e+03   9.999990597823e+02
   1.099999956515e+03   1.199998956358e+03   9.999991302986e+02
   1.099999959776e+03   1.199999034631e+03   9.999991955262e+02
   1.099999962793e+03   1.199999107034e+03   9.999992558618e+02
   1.099999965584e+03   1.199999174007e+03   9.999993116721e+02
   1.099999968165e+03   1.199999235956e+03   9.999993632967e+02
   1.099999970552e+03   1.199999293259e+03   9.999994110495e+02
   1.099999972761e+03   1.199999346265e+03   9.999994552208e+02
   1.099999974804e+03   1.199999395295e+03   9.999994960792e+02
   1.099999976694e+03   1.199999440648e+03   9.999995338733e+02
   1.099999978442e+03   1.199999482599e+03   9.999995688328e+02
   1.099999980059e+03   1.199999521404e+03   9.999996011703e+02
   1.099999981554e+03   1.199999557299e+03   9.999996310825e+02
   1.099999982938e+03   1.199999590502e+03   9.999996587513e+02
   1.099999984217e+03   1.199999621214e+03   9.999996843450e+02
   1.099999985401e+03   1.199999649623e+03   9.999997080191e+02
   1.099999986496e+03   1.199999675901e+03   9.999997299177e+02
   1.099999987509e+03   1.199999700209e+03   9.999997501739e+02
   1.099999988446e+03   1.199999722693e+03   9.999997689108e+02
   1.099999989312e+03   1.199999743491e+03   9.999997862425e+02
   1.099999990114e+03   1.199999762729e+03   9.999998022743e+02
   1.099999990855e+03   1.199999780524e+03   9.999998171037e+02
   1.099999991541e+03   1.199999796985e+03   9.999998308210e+02
   1.099999992175e+03   1.199999812211e+03   9.999998435094e+02
   1.099999992762e+03   1.199999826295e+03   9.999998552462e+02
   1.099999993305e+03   1.199999839323e+03   9.999998661027e+02
   1.099999993807e+03   1.199999851374e+03   9.999998761450e+02
   1.099999994272e+03   1.199999862521e+03   9.999998854341e+02
   1.099999994701e+03   1.199999872832e+03   9.999998940266e+02
   1.099999995099e+03   1.199999882370e+03   9.999999019746e+02
   1.099999995466e+03   1.199999891192e+03   9.999999093265e+02
   1.099999995806e+03   1.199999899352e+03   9.999999161270e+02
   1.099999996121e+03   1.199999906901e+03   9.999999224175e+02
   1.099999996412e+03   1.199999913883e+03   9.999999282362e+02
   1.099999996681e+03   1.199999920342e+03   9.999999336185e+02
   1.099999996930e+03   1.199999926316e+03   9.999999385971e+02
   1.099999997160e+03   1.199999931843e+03   9.999999432023e+02
