   1.050000000000e+03   0.000000000000e+00
   9.262500000000e+02   9.000000000000e+01
   8.303437500000e+02   1.597500000000e+02
   7.560164062500e+02   2.138062500000e+02
   6.984127148437e+02   2.556998437500e+02
   6.537698540039e+02   2.881673789063e+02
   6.191716368530e+02   3.133297186523e+02
   5.923580185611e+02   3.328305319556e+02
   5.715774643848e+02   3.479436622656e+02
   5.554725348983e+02   3.596563382558e+02
   5.429912145462e+02   3.687336621483e+02
   5.333181912733e+02   3.757685881649e+02
   5.258215982368e+02   3.812206558278e+02
   5.200117386335e+02   3.854460082665e+02
   5.155090974410e+02   3.887206564066e+02
   5.120195505167e+02   3.912585087151e+02
   5.093151516505e+02   3.932253442542e+02
   5.072192425291e+02   3.947496417970e+02
   5.055949129601e+02   3.959309723927e+02
   5.043360575441e+02   3.968465036043e+02
   5.033604445966e+02   3.975560402934e+02
   5.026043445624e+02   3.981059312273e+02
   5.020183670359e+02   3.985320967012e+02
   5.015642344528e+02   3.988623749434e+02
   5.012122817009e+02   3.991183405812e+02
   5.009395183182e+02   3.993167139504e+02
   5.007281266966e+02   3.994704533116e+02
   5.005642981899e+02   3.995896013165e+02
   5.004373310972e+02   3.996819410203e+02
   5.003389316003e+02   3.997535042907e+02
   5.002626719902e+02   3.998089658253e+02
   5.002035707924e+02   3.998519485146e+02
   5.001577673641e+02   3.998852600988e+02
   5.001222697072e+02   3.999110765766e+02
   5.000947590231e+02   3.999310843469e+02
   5.000734382429e+02   3.999465903688e+02
   5.000569146382e+02   3.999586075358e+02
   5.000441088446e+02   3.999679208403e+02
   5.000341843546e+02   3.999751386512e+02
   5.000264928748e+02   3.999807324547e+02
   5.000205319780e+02   3.999850676524e+02
   5.000159122829e+02   3.999884274306e+02
   5.000123320193e+02   3.999910312587e+02
   5.000095573149e+02   3.999930492255e+02
   5.000074069191e+02   3.999946131498e+02
   5.000057403623e+02   3.999958251911e+02
   5.000044487808e+02   3.999967645231e+02
   5.000034478051e+02   3.999974925054e+02
   5.000026720489e+02   3.999980566917e+02
   5.000020708379e+02   3.999984939360e+02
   5.000016048994e+02   3.999988328004e+02
   5.000012437970e+02   3.999990954203e+02
   5.000009639427e+02   3.999992989508e+02
   5.000007470556e+02   3.999994566868e+02
   5.000005789681e+02   3.999995789323e+02
   5.000004487003e+02   3.999996736725e+02
   5.000003477427e+02   3.999997470962e+02
   5.000002695006e+02   3.999998039996e+02
   5.000002088630e+02   3.999998480997e+02
   5.000001618688e+02   3.999998822772e+02
   5.000001254483e+02   3.999999087649e+02
   5.000000972224e+02   3.999999292928e+02
   5.000000753474e+02   3.999999452019e+02
   5.000000583942e+02   3.999999575315e+02
