   0.000000000000e+00   0.000000000000e+00   1.530000000000e+02   0.000000000000e+00   1.530000000000e+02   0.000000000000e+00
   4.504504504505e-01   1.990852838310e-01   1.592500000000e+02   1.533494753834e-01   1.592500000000e+02   1.076136669357e-01
   8.130800889421e-01   4.661024449893e+00   1.594489583015e+02  -2.603864322644e+00   1.594530102831e+02  -3.829733089520e+00
  -7.923515933160e-01   1.939004484494e+00   1.593601602256e+02  -3.142960769658e+00   1.595166623277e+02   1.462419484408e-01
   5.322720196753e-01   1.037406309528e+01   1.605343608678e+02  -1.525611298251e+01   1.583426636902e+02   8.860515053807e+00
  -3.289318394885e-01   7.517463439017e+00   1.604371851838e+02  -1.592910823056e+01   1.584210406604e+02   1.234773409701e+01
  -9.966505928128e-01   6.032765559442e+00   1.604709540967e+02  -1.501545960960e+01   1.583847584184e+02   1.212580871318e+01
  -1.277192454648e+00   4.540853152607e+00   1.604534970415e+02  -1.465513868364e+01   1.584019831434e+02   1.262810141178e+01
  -1.411502045505e+00   2.944966893314e+00   1.604473081795e+02  -1.372722227432e+01   1.584192961462e+02   1.322917426546e+01
  -1.555078994744e+00   1.327906184285e+00   1.605548638157e+02  -9.543851428514e+00   1.585228831764e+02   1.078766346260e+01
  -1.531481415901e+00  -1.718644876494e+00   1.606179990069e+02  -5.161460530667e+00   1.584798634458e+02   8.407746558854e+00
  -1.466430342037e+00  -1.137947809532e+00   1.606123075805e+02  -4.838570417763e+00   1.584775168411e+02   8.144265057816e+00
  -6.494652832197e-01  -8.609796325626e-01   1.606075826361e+02  -4.213977422686e+00   1.584779903234e+02   7.483991043442e+00
  -1.599412527617e+00  -2.005946933745e-01   1.605975989038e+02  -3.981951576769e+00   1.584836310339e+02   6.670791897419e+00
  -1.608658316414e+00   9.819344746740e-01   1.605858904428e+02  -4.422190842642e+00   1.584971042412e+02   6.054176605564e+00
  -1.607300921421e+00   1.980548334838e+00   1.605862661444e+02  -5.129810625247e+00   1.585092355394e+02   5.637989357979e+00
  -1.570929081996e+00   1.342380906707e+00   1.614357827351e+02  -1.060118646713e+01   1.593133969797e+02   1.500795612681e+01
  -1.551998775387e+00   1.758611424565e+00   1.614381039465e+02  -1.119784416397e+01   1.593169826169e+02   1.527954137903e+01
  -1.521834635222e+00   2.220934172884e+00   1.614421152591e+02  -1.174224995991e+01   1.593218368116e+02   1.556847980506e+01
  -1.462528647734e+00   2.895987780584e+00   1.614485818812e+02  -1.217743686635e+01   1.593294908454e+02   1.580128485525e+01
  -1.230974007369e+00   3.236086591509e+00   1.614519516166e+02  -1.187758591603e+01   1.593333217986e+02   1.576429306607e+01
  -1.461697157522e+00   2.967035773476e+00   1.614503126519e+02  -1.165945515378e+01   1.593309374105e+02   1.583009935804e+01
  -1.618787912538e+00   2.875298624544e+00   1.614501987706e+02  -1.156511328391e+01   1.593301126046e+02   1.597282887497e+01
  -1.621995287118e+00   2.785710204175e+00   1.614504062813e+02  -1.151333596690e+01   1.593294208228e+02   1.614715251654e+01
  -1.623591847764e+00   2.672714238995e+00   1.614508139011e+02  -1.146004300349e+01   1.593287913318e+02   1.632047417138e+01
  -1.624883261479e+00   2.548015169404e+00   1.614514306902e+02  -1.140448504893e+01   1.593282657103e+02   1.649246170860e+01
  -1.625990102859e+00   2.415204035447e+00   1.614522726896e+02  -1.134746925994e+01   1.593278504569e+02   1.666650540273e+01
  -1.626927060628e+00   2.274245127760e+00   1.614533853512e+02  -1.128991494887e+01   1.593275579336e+02   1.684778204886e+01
  -1.627664972678e+00   2.122729114804e+00   1.614548688363e+02  -1.123305459612e+01   1.593274274238e+02   1.704417727995e+01
  -1.628099434899e+00   1.955575628465e+00   1.614569465235e+02  -1.117967411352e+01   1.593275691425e+02   1.726980377305e+01
  -1.627894768604e+00   1.763727306755e+00   1.614602113422e+02  -1.113953765588e+01   1.593283367701e+02   1.755638467817e+01
  -1.625558147305e+00   1.542818900602e+00   1.614669621763e+02  -1.116901223029e+01   1.593314404632e+02   1.800228267186e+01
  -1.613957641168e+00   1.753429274174e+00   1.614858842445e+02  -1.177012938816e+01   1.593480971042e+02   1.861355013043e+01
  -1.612409647985e+00   2.232402508791e+00   1.614988682455e+02  -1.225064188706e+01   1.593626712982e+02   1.847360490470e+01
  -1.613027400853e+00   1.735095875116e+00   1.615257733542e+02  -1.209811362294e+01   1.593883624665e+02   1.919076553984e+01
  -1.613516138963e+00   1.912753881523e+00   1.615277096312e+02  -1.223018630319e+01   1.593907619093e+02   1.905571479028e+01
  -1.613888024532e+00   2.156196084058e+00   1.615322675226e+02  -1.241486726803e+01   1.593957719353e+02   1.886989132480e+01
  -1.613970632796e+00   2.949054869409e+00   1.615898204623e+02  -1.307880191160e+01   1.594539468983e+02   1.833826271725e+01
  -1.614257054913e+00   2.841041698133e+00   1.615906956322e+02  -1.300768448447e+01   1.594551574223e+02   1.843631834132e+01
  -1.614508410188e+00   2.722714946085e+00   1.615919667203e+02  -1.292727935413e+01   1.594567400962e+02   1.854165586398e+01
  -1.614728378340e+00   2.583684761942e+00   1.615940418326e+02  -1.282970867994e+01   1.594591095684e+02   1.866249265805e+01
  -1.614914587608e+00   2.391375761403e+00   1.615986349056e+02  -1.268932019134e+01   1.594639930718e+02   1.882355805468e+01
  -1.614973548977e+00   1.794612552065e+00   1.616479752783e+02  -1.219908818944e+01   1.595137226591e+02   1.924839242696e+01
  -1.615227463442e+00   1.888725804986e+00   1.616490479582e+02  -1.226816819146e+01   1.595149904897e+02   1.917331932477e+01
  -1.615446910029e+00   1.994489584425e+00   1.616506346876e+02  -1.234586108147e+01   1.595167555856e+02   1.908787082337e+01
  -1.615636015940e+00   2.125593513465e+00   1.616534572389e+02  -1.244208798760e+01   1.595197420327e+02   1.898054599585e+01
  -1.615796568462e+00   2.341933304183e+00   1.616622566621e+02  -1.260049822930e+01   1.595286943700e+02   1.880105287966e+01
  -1.615943335709e+00   1.755880053164e+00   1.617360079619e+02  -1.218806418706e+01   1.596025622657e+02   1.931491940786e+01
  -1.616114265046e+00   1.813097052263e+00   1.617365692005e+02  -1.222995160704e+01   1.596032460176e+02   1.926906178883e+01
  -1.616266016890e+00   1.871521850184e+00   1.617372393745e+02  -1.227270474798e+01   1.596040276191e+02   1.922179634776e+01
  -1.616401055607e+00   1.932239272635e+00   1.617380627512e+02  -1.231707702807e+01   1.596049522802e+02   1.917220614806e+01
  -1.616521498816e+00   1.996978706090e+00   1.617391216169e+02  -1.236427579054e+01   1.596061030497e+02   1.911879915064e+01
  -1.616629210648e+00   2.068908384572e+00   1.617405932308e+02  -1.241651410425e+01   1.596076577102e+02   1.905880114045e+01
  -1.616725957245e+00   2.155228231932e+00   1.617429700700e+02  -1.247880195891e+01   1.596101087913e+02   1.898583029506e+01
  -1.616814027787e+00   2.280956773979e+00   1.617486137484e+02  -1.256834922171e+01   1.596158161858e+02   1.887735740011e+01
  -1.616906328774e+00   3.020117640368e+00   1.619979943809e+02  -1.302190382979e+01   1.598651876795e+02   1.813273401695e+01
  -1.616965255146e+00   2.998064693842e+00   1.619981309776e+02  -1.300833270827e+01   1.598653864144e+02   1.815390672275e+01
  -1.617019467971e+00   2.977137289958e+00   1.619982682780e+02  -1.299537277287e+01   1.598655807877e+02   1.817394394114e+01
  -1.617069387610e+00   2.957284480570e+00   1.619984057351e+02  -1.298300719290e+01   1.598657706825e+02   1.819290391794e+01
  -1.617115389406e+00   2.938458055071e+00   1.619985428475e+02  -1.297121880081e+01   1.598659559885e+02   1.821084105291e+01
  -1.617157809666e+00   2.920612270724e+00   1.619986791554e+02  -1.295999020381e+01   1.598661366021e+02   1.822780631634e+01
  -1.617196950695e+00   2.903703615600e+00   1.619988142384e+02  -1.294930387359e+01   1.598663124274e+02   1.824384761073e+01
  -1.617233085043e+00   2.887690600349e+00   1.619989477128e+02  -1.293914221879e+01   1.598664833764e+02   1.825901008527e+01
  -1.617266459108e+00   2.872533575586e+00   1.619990792296e+02  -1.292948764426e+01   1.598666493705e+02   1.827333640979e+01
  -1.617297296212e+00   2.858194572132e+00   1.619992084732e+02  -1.292032260014e+01   1.598668103408e+02   1.828686701343e+01
  -1.617325799237e+00   2.844637161745e+00   1.619993351596e+02  -1.291162962320e+01   1.598669662291e+02   1.829964029245e+01
  -1.617352152885e+00   2.831826336246e+00   1.619994590359e+02  -1.290339137242e+01   1.598671169885e+02   1.831169279108e+01
  -1.617376525641e+00   2.819728403205e+00   1.619995798785e+02  -1.289559066021e+01   1.598672625845e+02   1.832305935860e+01
  -1.617399071470e+00   2.808310896488e+00   1.619996974927e+02  -1.288821048054e+01   1.598674029953e+02   1.833377328538e+01
  -1.617419931298e+00   2.797542500153e+00   1.619998117115e+02  -1.288123403474e+01   1.598675382122e+02   1.834386642038e+01
  -1.617439234310e+00   2.787392984259e+00   1.619999223945e+02  -1.287464475568e+01   1.598676682402e+02   1.835336927228e+01
  -1.617457099084e+00   2.777833151237e+00   1.620000294272e+02  -1.286842633075e+01   1.598677930978e+02   1.836231109614e+01
  -1.617473634595e+00   2.768834791554e+00   1.620001327200e+02  -1.286256272385e+01   1.598679128175e+02   1.837071996750e+01
  -1.617488941105e+00   2.760370647451e+00   1.620002322067e+02  -1.285703819656e+01   1.598680274450e+02   1.837862284527e+01
  -1.617503110946e+00   2.752414383589e+00   1.620003278436e+02  -1.285183732855e+01   1.598681370397e+02   1.838604562529e+01
  -1.617516229224e+00   2.744940563492e+00   1.620004196084e+02  -1.284694503712e+01   1.598682416734e+02   1.839301318559e+01
  -1.617528374446e+00   2.737924630745e+00   1.620005074983e+02  -1.284234659578e+01   1.598683414302e+02   1.839954942481e+01
  -1.617539619081e+00   2.731342893967e+00   1.620005915294e+02  -1.283802765169e+01   1.598684364056e+02   1.840567729497e+01
  -1.617550030066e+00   2.725172514624e+00   1.620006717344e+02  -1.283397424188e+01   1.598685267054e+02   1.841141882951e+01
  -1.617559669257e+00   2.719391496883e+00   1.620007481616e+02  -1.283017280789e+01   1.598686124452e+02   1.841679516781e+01
  -1.617568593849e+00   2.713978678721e+00   1.620008208734e+02  -1.282661020887e+01   1.598686937490e+02   1.842182657678e+01
  -1.617576856741e+00   2.708913723668e+00   1.620008899444e+02  -1.282327373284e+01   1.598687707483e+02   1.842653247059e+01
  -1.617584506878e+00   2.704177112579e+00   1.620009554602e+02  -1.282015110599e+01   1.598688435808e+02   1.843093142889e+01
  -1.617591589562e+00   2.699750134994e+00   1.620010175157e+02  -1.281723050004e+01   1.598689123895e+02   1.843504121440e+01
  -1.617598146730e+00   2.695614879684e+00   1.620010762138e+02  -1.281450053748e+01   1.598689773212e+02   1.843887879008e+01
  -1.617604217211e+00   2.691754224114e+00   1.620011316638e+02  -1.281195029468e+01   1.598690385261e+02   1.844246033639e+01
  -1.617609836967e+00   2.688151822584e+00   1.620011839803e+02  -1.280956930302e+01   1.598690961558e+02   1.844580126895e+01
  -1.617615039303e+00   2.684792092954e+00   1.620012332816e+02  -1.280734754787e+01   1.598691503633e+02   1.844891625663e+01
  -1.617619855072e+00   2.681660201869e+00   1.620012796889e+02  -1.280527546571e+01   1.598692013013e+02   1.845181924048e+01
  -1.617624312851e+00   2.678742048491e+00   1.620013233249e+02  -1.280334393939e+01   1.598692491217e+02   1.845452345331e+01
  -1.617628439117e+00   2.676024246788e+00   1.620013643131e+02  -1.280154429166e+01   1.598692939747e+02   1.845704144009e+01
  -1.617632258397e+00   2.673494106486e+00   1.620014027767e+02  -1.279986827713e+01   1.598693360085e+02   1.845938507912e+01
  -1.617635793415e+00   2.671139612780e+00   1.620014388381e+02  -1.279830807294e+01   1.598693753679e+02   1.846156560387e+01
  -1.617639065222e+00   2.668949404989e+00   1.620014726178e+02  -1.279685626801e+01   1.598694121945e+02   1.846359362543e+01
  -1.617642093320e+00   2.666912754295e+00   1.620015042341e+02  -1.279550585143e+01   1.598694466261e+02   1.846547915548e+01
  -1.617644895777e+00   2.665019540759e+00   1.620015338026e+02  -1.279425019985e+01   1.598694787959e+02   1.846723162958e+01
  -1.617647489329e+00   2.663260229773e+00   1.620015614358e+02  -1.279308306413e+01   1.598695088329e+02   1.846885993074e+01
  -1.617649889478e+00   2.661625848146e+00   1.620015872425e+02  -1.279199855558e+01   1.598695368610e+02   1.847037241311e+01
  -1.617652110586e+00   2.660107959979e+00   1.620016113278e+02  -1.279099113159e+01   1.598695629994e+02   1.847177692565e+01
  -1.617654165954e+00   2.658698642495e+00   1.620016337930e+02  -1.279005558118e+01   1.598695873621e+02   1.847308083564e+01
  -1.617656067901e+00   2.657390461965e+00   1.620016547349e+02  -1.278918701026e+01   1.598696100579e+02   1.847429105195e+01
  -1.617657827836e+00   2.656176449884e+00   1.620016742466e+02  -1.278838082701e+01   1.598696311907e+02   1.847541404797e+01
  -1.617659456326e+00   2.655050079496e+00   1.620016924165e+02  -1.278763272720e+01   1.598696508592e+02   1.847645588409e+01
  -1.617660963155e+00   2.654005242779e+00   1.620017093290e+02  -1.278693867981e+01   1.598696691571e+02   1.847742222957e+01
  -1.617662357383e+00   2.653036227997e+00   1.620017250643e+02  -1.278629491281e+01   1.598696861730e+02   1.847831838394e+01
  -1.617663647399e+00   2.652137697867e+00   1.620017396982e+02  -1.278569789930e+01   1.598697019909e+02   1.847914929765e+01
  -1.617664840971e+00   2.651304668428e+00   1.620017533027e+02  -1.278514434399e+01   1.598697166900e+02   1.847991959198e+01
  -1.617665945290e+00   2.650532488645e+00   1.620017659456e+02  -1.278463117017e+01   1.598697303450e+02   1.848063357835e+01
  -1.617666967013e+00   2.649816820796e+00   1.620017776910e+02  -1.278415550700e+01   1.598697430262e+02   1.848129527667e+01
  -1.617667912304e+00   2.649153621655e+00   1.620017885993e+02  -1.278371467743e+01   1.598697547998e+02   1.848190843307e+01
  -1.617668786867e+00   2.648539124506e+00   1.620017987272e+02  -1.278330618647e+01   1.598697657277e+02   1.848247653673e+01
  -1.617669595985e+00   2.647969821970e+00   1.620018081279e+02  -1.278292771009e+01   1.598697758682e+02   1.848300283595e+01
  -1.617670344544e+00   2.647442449678e+00   1.620018168516e+02  -1.278257708455e+01   1.598697852760e+02   1.848349035342e+01
  -1.617671037069e+00   2.646953970745e+00   1.620018249451e+02  -1.278225229628e+01   1.598697940020e+02   1.848394190072e+01
  -1.617671677747e+00   2.646501561070e+00   1.620018324522e+02  -1.278195147227e+01   1.598698020942e+02   1.848436009204e+01
  -1.617672270455e+00   2.646082595419e+00   1.620018394141e+02  -1.278167287095e+01   1.598698095971e+02   1.848474735713e+01
  -1.617672818778e+00   2.645694634285e+00   1.620018458692e+02  -1.278141487357e+01   1.598698165524e+02   1.848510595355e+01
  -1.617673326036e+00   2.645335411489e+00   1.620018518533e+02  -1.278117597608e+01   1.598698229992e+02   1.848543797821e+01
  -1.617673795300e+00   2.645002822518e+00   1.620018573999e+02  -1.278095478144e+01   1.598698289736e+02   1.848574537822e+01
  -1.617674229413e+00   2.644694913542e+00   1.620018625402e+02  -1.278074999239e+01   1.598698345096e+02   1.848602996108e+01
  -1.617674631004e+00   2.644409871113e+00   1.620018673033e+02  -1.278056040467e+01   1.598698396387e+02   1.848629340428e+01
  -1.617675002508e+00   2.644146012490e+00   1.620018717163e+02  -1.278038490067e+01   1.598698443902e+02   1.848653726427e+01
  -1.617675346177e+00   2.643901776576e+00   1.620018758045e+02  -1.278022244338e+01   1.598698487914e+02   1.848676298485e+01
  -1.617675664094e+00   2.643675715440e+00   1.620018795914e+02  -1.278007207086e+01   1.598698528677e+02   1.848697190509e+01
  -1.617675958188e+00   2.643466486369e+00   1.620018830987e+02  -1.277993289097e+01   1.598698566428e+02   1.848716526665e+01
  -1.617676230242e+00   2.643272844463e+00   1.620018863468e+02  -1.277980407645e+01   1.598698601386e+02   1.848734422066e+01
  -1.617676481906e+00   2.643093635697e+00   1.620018893547e+02  -1.277968486035e+01   1.598698633755e+02   1.848750983417e+01
  -1.617676714709e+00   2.642927790461e+00   1.620018921398e+02  -1.277957453176e+01   1.598698663725e+02   1.848766309614e+01
  -1.617676930062e+00   2.642774317534e+00   1.620018947185e+02  -1.277947243181e+01   1.598698691471e+02   1.848780492297e+01
  -1.617677129273e+00   2.642632298459e+00   1.620018971059e+02  -1.277937794993e+01   1.598698717157e+02   1.848793616378e+01
  -1.617677313552e+00   2.642500882312e+00   1.620018993160e+02  -1.277929052043e+01   1.598698740935e+02   1.848805760522e+01
  -1.617677484016e+00   2.642379280831e+00   1.620019013619e+02  -1.277920961922e+01   1.598698762944e+02   1.848816997597e+01
  -1.617677641701e+00   2.642266763875e+00   1.620019032556e+02  -1.277913476083e+01   1.598698783316e+02   1.848827395096e+01
  -1.617677787565e+00   2.642162655215e+00   1.620019050085e+02  -1.277906549560e+01   1.598698802170e+02   1.848837015528e+01
  -1.617677922493e+00   2.642066328605e+00   1.620019066308e+02  -1.277900140710e+01   1.598698819621e+02   1.848845916778e+01
  -1.617678047306e+00   2.641977204140e+00   1.620019081324e+02  -1.277894210967e+01   1.598698835771e+02   1.848854152448e+01
  -1.617678162761e+00   2.641894744873e+00   1.620019095220e+02  -1.277888724623e+01   1.598698850716e+02   1.848861772167e+01
  -1.617678269559e+00   2.641818453664e+00   1.620019108079e+02  -1.277883648615e+01   1.598698864547e+02   1.848868821882e+01
  -1.617678368350e+00   2.641747870267e+00   1.620019119980e+02  -1.277878952330e+01   1.598698877346e+02   1.848875344133e+01
  -1.617678459733e+00   2.641682568613e+00   1.620019130993e+02  -1.277874607431e+01   1.598698889189e+02   1.848881378297e+01
  -1.617678544265e+00   2.641622154300e+00   1.620019141183e+02  -1.277870587684e+01   1.598698900147e+02   1.848886960824e+01
  -1.617678622458e+00   2.641566262258e+00   1.620019150612e+02  -1.277866868804e+01   1.598698910287e+02   1.848892125455e+01
  -1.617678694787e+00   2.641514554583e+00   1.620019159337e+02  -1.277863428317e+01   1.598698919670e+02   1.848896903418e+01
  -1.617678761694e+00   2.641466718533e+00   1.620019167410e+02  -1.277860245417e+01   1.598698928351e+02   1.848901323615e+01
  -1.617678823583e+00   2.641422464666e+00   1.620019174880e+02  -1.277857300850e+01   1.598698936382e+02   1.848905412794e+01
  -1.617678880831e+00   2.641381525113e+00   1.620019181791e+02  -1.277854576796e+01   1.598698943814e+02   1.848909195710e+01
  -1.617678933786e+00   2.641343651981e+00   1.620019188185e+02  -1.277852056766e+01   1.598698950689e+02   1.848912695272e+01
  -1.617678982770e+00   2.641308615871e+00   1.620019194101e+02  -1.277849725496e+01   1.598698957050e+02   1.848915932679e+01
  -1.617679028081e+00   2.641276204507e+00   1.620019199574e+02  -1.277847568866e+01   1.598698962935e+02   1.848918927547e+01
  -1.617679069994e+00   2.641246221459e+00   1.620019204638e+02  -1.277845573806e+01   1.598698968380e+02   1.848921698029e+01
  -1.617679108764e+00   2.641218484968e+00   1.620019209323e+02  -1.277843728224e+01   1.598698973417e+02   1.848924260920e+01
  -1.617679144626e+00   2.641192826857e+00   1.620019213657e+02  -1.277842020932e+01   1.598698978077e+02   1.848926631761e+01
  -1.617679177799e+00   2.641169091515e+00   1.620019217667e+02  -1.277840441577e+01   1.598698982388e+02   1.848928824933e+01
  -1.617679208484e+00   2.641147134962e+00   1.620019221376e+02  -1.277838980578e+01   1.598698986376e+02   1.848930853739e+01
  -1.617679236868e+00   2.641126823987e+00   1.620019224808e+02  -1.277837629073e+01   1.598698990066e+02   1.848932730490e+01
  -1.617679263124e+00   2.641108035339e+00   1.620019227983e+02  -1.277836378862e+01   1.598698993479e+02   1.848934466574e+01
  -1.617679287410e+00   2.641090654986e+00   1.620019230920e+02  -1.277835222357e+01   1.598698996636e+02   1.848936072529e+01
  -1.617679309875e+00   2.641074577430e+00   1.620019233637e+02  -1.277834152539e+01   1.598698999557e+02   1.848937558103e+01
  -1.617679330655e+00   2.641059705067e+00   1.620019236150e+02  -1.277833162914e+01   1.598699002259e+02   1.848938932315e+01
  -1.617679349877e+00   2.641045947596e+00   1.620019238475e+02  -1.277832247474e+01   1.598699004759e+02   1.848940203509e+01
  -1.617679367657e+00   2.641033221478e+00   1.620019240626e+02  -1.277831400660e+01   1.598699007071e+02   1.848941379405e+01
  -1.617679384104e+00   2.641021449428e+00   1.620019242615e+02  -1.277830617330e+01   1.598699009210e+02   1.848942467144e+01
  -1.617679399318e+00   2.641010559947e+00   1.620019244456e+02  -1.277829892726e+01   1.598699011189e+02   1.848943473333e+01
  -1.617679413390e+00   2.641000486891e+00   1.620019246159e+02  -1.277829222448e+01   1.598699013020e+02   1.848944404083e+01
  -1.617679426407e+00   2.640991169068e+00   1.620019247734e+02  -1.277828602423e+01   1.598699014713e+02   1.848945265049e+01
  -1.617679438448e+00   2.640982549873e+00   1.620019249191e+02  -1.277828028886e+01   1.598699016279e+02   1.848946061462e+01
  -1.617679449585e+00   2.640974576937e+00   1.620019250538e+02  -1.277827498351e+01   1.598699017728e+02   1.848946798160e+01
  -1.617679459888e+00   2.640967201818e+00   1.620019251785e+02  -1.277827007596e+01   1.598699019069e+02   1.848947479619e+01
  -1.617679469418e+00   2.640960379702e+00   1.620019252939e+02  -1.277826553638e+01   1.598699020308e+02   1.848948109981e+01
  -1.617679478233e+00   2.640954069132e+00   1.620019254005e+02  -1.277826133720e+01   1.598699021455e+02   1.848948693076e+01
  -1.617679486387e+00   2.640948231758e+00   1.620019254992e+02  -1.277825745288e+01   1.598699022516e+02   1.848949232447e+01
  -1.617679493929e+00   2.640942832105e+00   1.620019255905e+02  -1.277825385983e+01   1.598699023498e+02   1.848949731373e+01
  -1.617679500906e+00   2.640937837356e+00   1.620019256750e+02  -1.277825053622e+01   1.598699024405e+02   1.848950192885e+01
  -1.617679507359e+00   2.640933217153e+00   1.620019257531e+02  -1.277824746183e+01   1.598699025245e+02   1.848950619790e+01
  -1.617679513329e+00   2.640928943413e+00   1.620019258253e+02  -1.277824461798e+01   1.598699026022e+02   1.848951014682e+01
  -1.617679518851e+00   2.640924990159e+00   1.620019258922e+02  -1.277824198739e+01   1.598699026740e+02   1.848951379960e+01
  -1.617679523958e+00   2.640921333362e+00   1.620019259540e+02  -1.277823955407e+01   1.598699027405e+02   1.848951717847e+01
  -1.617679528683e+00   2.640917950792e+00   1.620019260112e+02  -1.277823730323e+01   1.598699028020e+02   1.848952030394e+01
  -1.617679533053e+00   2.640914821888e+00   1.620019260641e+02  -1.277823522118e+01   1.598699028589e+02   1.848952319503e+01
  -1.617679537096e+00   2.640911927627e+00   1.620019261130e+02  -1.277823329527e+01   1.598699029115e+02   1.848952586931e+01
  -1.617679540835e+00   2.640909250416e+00   1.620019261583e+02  -1.277823151378e+01   1.598699029601e+02   1.848952834304e+01
  -1.617679544294e+00   2.640906773978e+00   1.620019262002e+02  -1.277822986590e+01   1.598699030052e+02   1.848953063125e+01
  -1.617679547493e+00   2.640904483259e+00   1.620019262389e+02  -1.277822834160e+01   1.598699030468e+02   1.848953274786e+01
  -1.617679550453e+00   2.640902364330e+00   1.620019262747e+02  -1.277822693161e+01   1.598699030853e+02   1.848953470574e+01
  -1.617679553190e+00   2.640900404311e+00   1.620019263079e+02  -1.277822562736e+01   1.598699031209e+02   1.848953651678e+01
  -1.617679555722e+00   2.640898591283e+00   1.620019263385e+02  -1.277822442092e+01   1.598699031539e+02   1.848953819201e+01
  -1.617679558065e+00   2.640896914225e+00   1.620019263669e+02  -1.277822330497e+01   1.598699031844e+02   1.848953974160e+01
  -1.617679560231e+00   2.640895362939e+00   1.620019263931e+02  -1.277822227270e+01   1.598699032126e+02   1.848954117498e+01
  -1.617679562235e+00   2.640893927994e+00   1.620019264174e+02  -1.277822131785e+01   1.598699032387e+02   1.848954250086e+01
  -1.617679564089e+00   2.640892600665e+00   1.620019264398e+02  -1.277822043461e+01   1.598699032628e+02   1.848954372730e+01
  -1.617679565804e+00   2.640891372881e+00   1.620019264606e+02  -1.277821961761e+01   1.598699032851e+02   1.848954486176e+01
  -1.617679567390e+00   2.640890237177e+00   1.620019264798e+02  -1.277821886188e+01   1.598699033057e+02   1.848954591114e+01
  -1.617679568857e+00   2.640889186648e+00   1.620019264975e+02  -1.277821816283e+01   1.598699033248e+02   1.848954688182e+01
  -1.617679570215e+00   2.640888214906e+00   1.620019265140e+02  -1.277821751621e+01   1.598699033425e+02   1.848954777971e+01
  -1.617679571470e+00   2.640887316043e+00   1.620019265292e+02  -1.277821691808e+01   1.598699033588e+02   1.848954861025e+01
  -1.617679572631e+00   2.640886484592e+00   1.620019265432e+02  -1.277821636481e+01   1.598699033740e+02   1.848954937850e+01
  -1.617679573705e+00   2.640885715498e+00   1.620019265562e+02  -1.277821585304e+01   1.598699033879e+02   1.848955008914e+01
  -1.617679574699e+00   2.640885004085e+00   1.620019265683e+02  -1.277821537964e+01   1.598699034009e+02   1.848955074648e+01
  -1.617679575618e+00   2.640884346027e+00   1.620019265794e+02  -1.277821494175e+01   1.598699034128e+02   1.848955135452e+01
  -1.617679576468e+00   2.640883737322e+00   1.620019265897e+02  -1.277821453670e+01   1.598699034239e+02   1.848955191696e+01
  -1.617679577255e+00   2.640883174269e+00   1.620019265992e+02  -1.277821416203e+01   1.598699034341e+02   1.848955243722e+01
  -1.617679577982e+00   2.640882653444e+00   1.620019266080e+02  -1.277821381546e+01   1.598699034436e+02   1.848955291846e+01
  -1.617679578655e+00   2.640882171681e+00   1.620019266162e+02  -1.277821349488e+01   1.598699034524e+02   1.848955336360e+01
  -1.617679579277e+00   2.640881726049e+00   1.620019266237e+02  -1.277821319835e+01   1.598699034605e+02   1.848955377536e+01
  -1.617679579853e+00   2.640881313839e+00   1.620019266307e+02  -1.277821292405e+01   1.598699034680e+02   1.848955415624e+01
  -1.617679580385e+00   2.640880932544e+00   1.620019266371e+02  -1.277821267033e+01   1.598699034749e+02   1.848955450855e+01
  -1.617679580878e+00   2.640880579846e+00   1.620019266431e+02  -1.277821243563e+01   1.598699034813e+02   1.848955483444e+01
  -1.617679581334e+00   2.640880253601e+00   1.620019266486e+02  -1.277821221854e+01   1.598699034872e+02   1.848955513589e+01
  -1.617679581755e+00   2.640879951823e+00   1.620019266537e+02  -1.277821201773e+01   1.598699034927e+02   1.848955541473e+01
  -1.617679582145e+00   2.640879672678e+00   1.620019266584e+02  -1.277821183198e+01   1.598699034978e+02   1.848955567266e+01
  -1.617679582506e+00   2.640879414469e+00   1.620019266628e+02  -1.277821166016e+01   1.598699035025e+02   1.848955591124e+01
  -1.617679582839e+00   2.640879175626e+00   1.620019266668e+02  -1.277821150123e+01   1.598699035068e+02   1.848955613193e+01
  -1.617679583148e+00   2.640878954696e+00   1.620019266706e+02  -1.277821135421e+01   1.598699035108e+02   1.848955633607e+01
  -1.617679583433e+00   2.640878750335e+00   1.620019266740e+02  -1.277821121823e+01   1.598699035146e+02   1.848955652490e+01
  -1.617679583697e+00   2.640878561301e+00   1.620019266772e+02  -1.277821109244e+01   1.598699035180e+02   1.848955669956e+01
