   0.000000000000e+00   1.530000000000e+02   0.000000000000e+00   1.530000000000e+02   0.000000000000e+00
   1.081160055519e-01   8.425000000000e+01  -3.360362334721e-02   8.425000000000e+01   5.844108408211e-02
   5.652610436835e-01   8.423458878918e+01   1.064991882697e+00   8.423457440744e+01   4.434779930063e-01
   5.734722947051e-01   8.423490035779e+01   1.333777236269e+00   8.423557432668e+01   3.532921344830e-01
   5.868599075214e-01   8.423495026489e+01   1.530144171265e+00   8.423613756149e+01   3.117508514206e-01
   6.065991609085e-01   8.423489617054e+01   1.684586807170e+00   8.423654394075e+01   2.910922931764e-01
   6.318695210794e-01   8.423477919811e+01   1.813471548693e+00   8.423690091131e+01   2.807426360023e-01
   6.632690658450e-01   8.423459876036e+01   1.927493677390e+00   8.423727591605e+01   2.755245344342e-01
   7.046278344540e-01   8.423431016534e+01   2.036480967597e+00   8.423776377938e+01   2.714570704963e-01
   7.722115033601e-01   8.423369202405e+01   2.155976720201e+00   8.423869787660e+01   2.584148760732e-01
   9.556535095692e-01   8.423056709814e+01   2.232349784895e+00   8.424324984642e+01   9.460014557856e-02
   9.689749648949e-01   8.422950583631e+01   2.138912921967e+00   8.424513453659e+01  -1.335926873827e-02
   1.050300303814e+00   8.422866515483e+01   2.226711515205e+00   8.424690461271e+01  -5.254817319383e-02
   1.081770288336e+00   8.422768405005e+01   2.164056782987e+00   8.424900483784e+01  -1.488319562696e-01
   1.144760202598e+00   8.422707488992e+01   2.223068501824e+00   8.425059667587e+01  -1.844237751447e-01
   1.181204506645e+00   8.422634392535e+01   2.188422464733e+00   8.425256120098e+01  -2.602405555151e-01
   1.234008119718e+00   8.422584428188e+01   2.222070645053e+00   8.425420196727e+01  -3.004964894793e-01
   1.264915617421e+00   8.422539700339e+01   2.204095791406e+00   8.425579294921e+01  -3.545752306885e-01
   1.303012492313e+00   8.422506609552e+01   2.217699409020e+00   8.425722133194e+01  -3.914946362803e-01
   1.329776505551e+00   8.422481003752e+01   2.213853968542e+00   8.425848072309e+01  -4.282585967596e-01
   1.354026267226e+00   8.422462951175e+01   2.216561935230e+00   8.425954514662e+01  -4.564464500642e-01
   1.373079744117e+00   8.422450229369e+01   2.217294503037e+00   8.426042630784e+01  -4.797204018963e-01
   1.388410910416e+00   8.422441392414e+01   2.218038116678e+00   8.426114685802e+01  -4.983115834538e-01
   1.400631956596e+00   8.422435264800e+01   2.218636032386e+00   8.426173076210e+01  -5.131201854944e-01
   1.410324365832e+00   8.422431012337e+01   2.219111744980e+00   8.426220018092e+01  -5.248587502294e-01
   1.417978134593e+00   8.422428049745e+01   2.219488126744e+00   8.426257498088e+01  -5.341245076210e-01
   1.424000031669e+00   8.422425972384e+01   2.219784659289e+00   8.426287250441e+01  -5.414122861061e-01
   1.428723648051e+00   8.422424503408e+01   2.220017490396e+00   8.426310754996e+01  -5.471273454179e-01
   1.432419695094e+00   8.422423454529e+01   2.220199805185e+00   8.426329250647e+01  -5.515982060273e-01
   1.435305899610e+00   8.422422697893e+01   2.220342251362e+00   8.426343758384e+01  -5.550888639984e-01
   1.437556073505e+00   8.422422146484e+01   2.220453353169e+00   8.426355108916e+01  -5.578099248659e-01
   1.439308125836e+00   8.422421740739e+01   2.220539887861e+00   8.426363971200e+01  -5.599284011431e-01
   1.440670938900e+00   8.422421439538e+01   2.220607214214e+00   8.426370879524e+01  -5.615760969270e-01
   1.441730137395e+00   8.422421214202e+01   2.220659551014e+00   8.426376257837e+01  -5.628566279635e-01
   1.442552844159e+00   8.422421044491e+01   2.220700208185e+00   8.426380440807e+01  -5.638511993863e-01
   1.443191546878e+00   8.422420915954e+01   2.220731775585e+00   8.426383691552e+01  -5.646232977845e-01
   1.443687208489e+00   8.422420818146e+01   2.220756275371e+00   8.426386216283e+01  -5.652224620748e-01
   1.444071748417e+00   8.422420743439e+01   2.220775283835e+00   8.426388176210e+01  -5.656872895350e-01
   1.444370009151e+00   8.422420686201e+01   2.220790028120e+00   8.426389697119e+01  -5.660478170484e-01
   1.444601307086e+00   8.422420642238e+01   2.220801462600e+00   8.426390877007e+01  -5.663273981884e-01
   1.444780650757e+00   8.422420608407e+01   2.220810328931e+00   8.426391792134e+01  -5.665441772565e-01
   1.444919694893e+00   8.422420582333e+01   2.220817203109e+00   8.426392501785e+01  -5.667122433967e-01
   1.445027485841e+00   8.422420562211e+01   2.220822532263e+00   8.426393052023e+01  -5.668425321525e-01
   1.445111042908e+00   8.422420546670e+01   2.220826663360e+00   8.426393478612e+01  -5.669435284788e-01
   1.445175811103e+00   8.422420534656e+01   2.220829865561e+00   8.426393809312e+01  -5.670218141790e-01
   1.445226013346e+00   8.422420525365e+01   2.220832347629e+00   8.426394065660e+01  -5.670824937376e-01
   1.445264924225e+00   8.422420518175e+01   2.220834271449e+00   8.426394264364e+01  -5.671295252871e-01
   1.445295082644e+00   8.422420512610e+01   2.220835762540e+00   8.426394418379e+01  -5.671659776769e-01
   1.445318456914e+00   8.422420508301e+01   2.220836918214e+00   8.426394537753e+01  -5.671942300445e-01
   1.445336572871e+00   8.422420504964e+01   2.220837813908e+00   8.426394630276e+01  -5.672161266901e-01
   1.445350613277e+00   8.422420502379e+01   2.220838508100e+00   8.426394701985e+01  -5.672330972275e-01
   1.445361494916e+00   8.422420500377e+01   2.220839046115e+00   8.426394757562e+01  -5.672462497768e-01
   1.445369928380e+00   8.422420498826e+01   2.220839463087e+00   8.426394800636e+01  -5.672564432323e-01
   1.445376464432e+00   8.422420497624e+01   2.220839786247e+00   8.426394834019e+01  -5.672643432985e-01
   1.445381529943e+00   8.422420496693e+01   2.220840036699e+00   8.426394859892e+01  -5.672704659327e-01
   1.445385455756e+00   8.422420495971e+01   2.220840230802e+00   8.426394879943e+01  -5.672752110240e-01
   1.445388498286e+00   8.422420495412e+01   2.220840381233e+00   8.426394895484e+01  -5.672788884997e-01
   1.445390856262e+00   8.422420494979e+01   2.220840497818e+00   8.426394907527e+01  -5.672817385614e-01
   1.445392683703e+00   8.422420494643e+01   2.220840588172e+00   8.426394916861e+01  -5.672839473700e-01
   1.445394099975e+00   8.422420494383e+01   2.220840658196e+00   8.426394924095e+01  -5.672856592031e-01
   1.445395197589e+00   8.422420494181e+01   2.220840712465e+00   8.426394929702e+01  -5.672869858777e-01
   1.445396048242e+00   8.422420494025e+01   2.220840754524e+00   8.426394934046e+01  -5.672880140528e-01
   1.445396707499e+00   8.422420493904e+01   2.220840787119e+00   8.426394937414e+01  -5.672888108899e-01
   1.445397218424e+00   8.422420493810e+01   2.220840812381e+00   8.426394940023e+01  -5.672894284396e-01
