   0.000000000000e+00   0.000000000000e+00   0.000000000000e+00   0.000000000000e+00
  -2.871375000064e+00   2.871375000000e+00   4.060737467704e+00   7.853981633864e-01
  -5.276151562610e+00   5.276151562500e+00   7.461605096901e+00   7.853981633870e-01
  -7.290151933604e+00   7.290151933594e+00   1.030983173626e+01   7.853981633968e-01
  -8.976877244294e+00   8.976877244385e+00   1.269522154670e+01   7.853981634025e-01
  -1.038950969199e+01   1.038950969217e+01   1.469298551295e+01   7.853981634063e-01
  -1.157258936701e+01   1.157258936719e+01   1.636611283473e+01   7.853981634054e-01
  -1.256341859525e+01   1.256341859503e+01   1.776735696701e+01   7.853981633885e-01
  -1.339323807319e+01   1.339323807333e+01   1.894089892730e+01   7.853981634027e-01
  -1.408821188645e+01   1.408821188642e+01   1.992374031938e+01   7.853981633962e-01
  -1.467025245474e+01   1.467025245487e+01   2.074686998502e+01   7.853981634021e-01
  -1.515771143089e+01   1.515771143096e+01   2.143624108015e+01   7.853981633995e-01
  -1.556595832358e+01   1.556595832343e+01   2.201358937244e+01   7.853981633924e-01
  -1.590786509623e+01   1.590786509587e+01   2.249711856724e+01   7.853981633860e-01
  -1.619421201781e+01   1.619421201779e+01   2.290207426752e+01   7.853981633969e-01
  -1.643402756500e+01   1.643402756490e+01   2.324122466676e+01   7.853981633945e-01
  -1.663487308595e+01   1.663487308560e+01   2.352526312626e+01   7.853981633870e-01
  -1.680308120917e+01   1.680308120919e+01   2.376314533568e+01   7.853981633980e-01
  -1.694395551266e+01   1.694395551270e+01   2.396237168628e+01   7.853981633986e-01
  -1.706193774154e+01   1.706193774189e+01   2.412922375470e+01   7.853981634075e-01
  -1.716074785878e+01   1.716074785883e+01   2.426896236238e+01   7.853981633990e-01
  -1.724350133215e+01   1.724350133177e+01   2.438599344646e+01   7.853981633864e-01
  -1.731280736591e+01   1.731280736536e+01   2.448400697923e+01   7.853981633815e-01
  -1.737085116885e+01   1.737085116849e+01   2.456609331270e+01   7.853981633869e-01
  -1.741946285385e+01   1.741946285361e+01   2.463484061700e+01   7.853981633904e-01
  -1.746017514009e+01   1.746017513990e+01   2.469241648439e+01   7.853981633919e-01
  -1.749427167953e+01   1.749427167966e+01   2.474063627313e+01   7.853981634012e-01
  -1.752282753154e+01   1.752282753172e+01   2.478102034636e+01   7.853981634025e-01
  -1.754674305750e+01   1.754674305781e+01   2.481484200762e+01   7.853981634064e-01
  -1.756677231050e+01   1.756677231092e+01   2.484316764893e+01   7.853981634093e-01
  -1.758354680962e+01   1.758354681039e+01   2.486689037334e+01   7.853981634194e-01
  -1.759759545295e+01   1.759759545371e+01   2.488675815525e+01   7.853981634188e-01
  -1.760936119204e+01   1.760936119248e+01   2.490339742282e+01   7.853981634100e-01
  -1.761921499871e+01   1.761921499870e+01   2.491733280954e+01   7.853981633972e-01
  -1.762746756149e+01   1.762746756141e+01   2.492900369569e+01   7.853981633953e-01
  -1.763437908297e+01   1.763437908268e+01   2.493877806296e+01   7.853981633892e-01
  -1.764016748162e+01   1.764016748175e+01   2.494696409513e+01   7.853981634009e-01
  -1.764501526591e+01   1.764501526596e+01   2.495381989737e+01   7.853981633988e-01
  -1.764907528502e+01   1.764907528524e+01   2.495956163158e+01   7.853981634039e-01
  -1.765247555102e+01   1.765247555139e+01   2.496437033397e+01   7.853981634080e-01
  -1.765532327399e+01   1.765532327429e+01   2.496839762237e+01   7.853981634060e-01
  -1.765770824213e+01   1.765770824222e+01   2.497177047651e+01   7.853981633999e-01
  -1.765970565275e+01   1.765970565286e+01   2.497459524171e+01   7.853981634005e-01
  -1.766137848425e+01   1.766137848427e+01   2.497696098265e+01   7.853981633979e-01
  -1.766277948061e+01   1.766277948057e+01   2.497894229066e+01   7.853981633965e-01
  -1.766395281520e+01   1.766395281498e+01   2.498060163622e+01   7.853981633911e-01
  -1.766493548250e+01   1.766493548255e+01   2.498199133783e+01   7.853981633987e-01
  -1.766575846659e+01   1.766575846663e+01   2.498315521309e+01   7.853981633988e-01
  -1.766644771569e+01   1.766644771581e+01   2.498412995856e+01   7.853981634008e-01
  -1.766702496170e+01   1.766702496199e+01   2.498494630782e+01   7.853981634057e-01
  -1.766750840525e+01   1.766750840566e+01   2.498563000034e+01   7.853981634091e-01
  -1.766791328959e+01   1.766791328974e+01   2.498620259308e+01   7.853981634018e-01
  -1.766825237989e+01   1.766825238016e+01   2.498668213926e+01   7.853981634052e-01
  -1.766853636820e+01   1.766853636838e+01   2.498708375932e+01   7.853981634027e-01
  -1.766877420853e+01   1.766877420852e+01   2.498742011621e+01   7.853981633971e-01
  -1.766897339938e+01   1.766897339964e+01   2.498770181480e+01   7.853981634046e-01
  -1.766914022188e+01   1.766914022220e+01   2.498793773748e+01   7.853981634063e-01
  -1.766927993604e+01   1.766927993609e+01   2.498813532295e+01   7.853981633987e-01
  -1.766939694646e+01   1.766939694647e+01   2.498830080065e+01   7.853981633979e-01
  -1.766949494261e+01   1.766949494267e+01   2.498843938816e+01   7.853981633993e-01
