0, -0.00022017
1, 0.218259
2, 0.436196
3, 0.65344
4, 0.869839
5, 1.08524
6, 1.2995
7, 1.51246
8, 1.72397
9, 1.93389
10, 2.14205
11, 2.34831
12, 2.55251
13, 2.75452
14, 2.95417
15, 3.15131
16, 3.3458
17, 3.53747
18, 3.72619
19, 3.9118
20, 4.09415
21, 4.27309
22, 4.44846
23, 4.62012
24, 4.78791
25, 4.95169
26, 5.1113
27, 5.26659
28, 5.41742
29, 5.56362
30, 5.70505
31, 5.84156
32, 5.97299
33, 6.0992
34, 6.22004
35, 6.33535
36, 6.44498
37, 6.54878
38, 6.6466
39, 6.73829
40, 6.8237
41, 6.90268
42, 6.97507
43, 7.04072
44, 7.0995
45, 7.15123
46, 7.19577
47, 7.23298
48, 7.2627
49, 7.28477
