   0.000000000000e+00   0.000000000000e+00   0.000000000000e+00   0.000000000000e+00
   4.875000000000e-01   3.828812812500e-01   4.522011273383e-01   1.821274016559e-01
   8.957812500000e-01   7.035443542969e-01   6.830816220700e-01   5.795028433422e-01
   1.237716796875e+00   9.720996779736e-01   6.975354657203e-01   1.022441755470e+00
   1.524087817383e+00   1.197014761553e+00   5.565031313634e-01   1.418854446332e+00
   1.763923547058e+00   1.385381144051e+00   3.251874478755e-01   1.733689534954e+00
   1.964785970661e+00   1.543137989392e+00   5.433578501768e-02   1.964034504018e+00
   2.133008250429e+00   1.675259347366e+00  -2.224154502053e-01   2.121380579695e+00
   2.273894409734e+00   1.785910984669e+00  -4.853842385419e-01   2.221485522707e+00
   2.391886568152e+00   1.878581730910e+00  -7.246192997260e-01   2.279484201606e+00
   2.490705000828e+00   1.956193480887e+00  -9.363237293642e-01   2.308009808250e+00
   2.573465438193e+00   2.021193321493e+00  -1.120288624312e+00   2.316824930764e+00
   2.642777304487e+00   2.075630688001e+00  -1.278212200976e+00   2.313102991738e+00
   2.700825992508e+00   2.121221982450e+00  -1.412667206757e+00   2.301919287195e+00
   2.749441768725e+00   2.159404691552e+00  -1.526501392788e+00   2.286749557216e+00
   2.790157481307e+00   2.191382710425e+00  -1.622510910000e+00   2.269898041196e+00
   2.824256890595e+00   2.218164301231e+00  -1.703278261112e+00   2.252836023615e+00
   2.852815145873e+00   2.240593883531e+00  -1.771105509851e+00   2.236456914295e+00
   2.876732684669e+00   2.259378658707e+00  -1.828000142356e+00   2.221262347988e+00
   2.896763623410e+00   2.275110907917e+00  -1.875688206254e+00   2.207494788857e+00
   2.913539534606e+00   2.288286666631e+00  -1.915640066956e+00   2.195230227923e+00
   2.927589360233e+00   2.299321364553e+00  -1.949100600127e+00   2.184441876712e+00
   2.939356089195e+00   2.308562924063e+00  -1.977119466595e+00   2.175043179778e+00
   2.949210724701e+00   2.316302730153e+00  -2.000579324605e+00   2.166916303103e+00
   2.957463981937e+00   2.322784817753e+00  -2.020221075087e+00   2.159930557270e+00
   2.964376084872e+00   2.328213566118e+00  -2.036665907846e+00   2.153953934600e+00
   2.970164971080e+00   2.332760142874e+00  -2.050434261023e+00   2.148859999314e+00
   2.975013163280e+00   2.336567900907e+00  -2.061961965526e+00   2.144531691165e+00
   2.979073524247e+00   2.339756898260e+00  -2.071613903972e+00   2.140863119337e+00
   2.982474076557e+00   2.342427683542e+00  -2.079695518144e+00   2.137760082223e+00
   2.985322039116e+00   2.344664466217e+00  -2.086462477285e+00   2.135139809969e+00
   2.987707207760e+00   2.346537771707e+00  -2.092128786907e+00   2.132930261002e+00
   2.989704786499e+00   2.348106665054e+00  -2.096873582156e+00   2.131069189602e+00
   2.991377758693e+00   2.349420613233e+00  -2.100846815357e+00   2.129503123643e+00
   2.992778872905e+00   2.350521044833e+00  -2.104174015955e+00   2.128186338807e+00
   2.993952306058e+00   2.351442656297e+00  -2.106960273386e+00   2.127079880335e+00
   2.994935056324e+00   2.352214505899e+00  -2.109293569521e+00   2.126150660037e+00
   2.995758109671e+00   2.352860929940e+00  -2.111247566914e+00   2.125370641290e+00
   2.996447416850e+00   2.353402310075e+00  -2.112883941841e+00   2.124716115215e+00
   2.997024711611e+00   2.353855715938e+00  -2.114254336588e+00   2.124167065517e+00
   2.997508195975e+00   2.354235443348e+00  -2.115401993264e+00   2.123706616232e+00
   2.997913114129e+00   2.354553465054e+00  -2.116363121209e+00   2.123320554945e+00
   2.998252233083e+00   2.354819808233e+00  -2.117168041528e+00   2.122996923483e+00
   2.998536245207e+00   2.355042870645e+00  -2.117842145157e+00   2.122725668102e+00
   2.998774105361e+00   2.355229685415e+00  -2.118406694883e+00   2.122498341591e+00
   2.998973313240e+00   2.355386142785e+00  -2.118879496793e+00   2.122307850335e+00
   2.999140149838e+00   2.355517175833e+00  -2.119275462427e+00   2.122148240046e+00
   2.999279875489e+00   2.355626916010e+00  -2.119607079452e+00   2.122014514619e+00
   2.999396895722e+00   2.355718823408e+00  -2.119884805764e+00   2.121902483235e+00
