ARMA_MAT_TXT_FN008
51 4
   0.000000000000e+00   1.763965007956e+00   0.000000000000e+00   0.000000000000e+00
   2.441212374668e-01  -9.452544531885e-01   1.000000000000e+00   3.800000000000e+00
   2.344915616406e-01   2.075482260937e+00   2.000000000000e+00   4.000000000000e+00
   2.249491620828e-01  -9.653506351701e-01   3.000000000000e+00   4.200000000000e+00
   2.155056326541e-01   2.053615345446e+00   4.000000000000e+00   4.400000000000e+00
   2.061745596147e-01  -9.892091509265e-01   5.000000000000e+00   4.600000000000e+00
   1.969719256691e-01   2.027511418926e+00   6.000000000000e+00   4.800000000000e+00
   1.879166014859e-01  -1.017849995305e+00   7.000000000000e+00   5.000000000000e+00
   1.790309410941e-01   1.995999521436e+00   8.000000000000e+00   5.200000000000e+00
   1.703414974891e-01  -1.052614404081e+00   9.000000000000e+00   5.400000000000e+00
   1.618798715326e-01   1.957550116622e+00   1.000000000000e+01   5.600000000000e+00
   1.536836978692e-01  -1.095233747242e+00   1.100000000000e+01   5.800000000000e+00
   1.457977514123e-01   1.910226338597e+00   1.200000000000e+01   6.000000000000e+00
   1.382751199089e-01  -1.147835637255e+00   1.300000000000e+01   6.200000000000e+00
   1.311783228949e-01   1.851755773276e+00   1.400000000000e+01   6.400000000000e+00
   1.245801555304e-01  -1.212742401636e+00   1.500000000000e+01   6.600000000000e+00
   1.185638943745e-01   1.779932026595e+00   1.600000000000e+01   6.800000000000e+00
   1.132223391795e-01  -1.291785447542e+00   1.700000000000e+01   7.000000000000e+00
   1.086550425526e-01   1.693663429642e+00   1.800000000000e+01   7.200000000000e+00
   1.049631249426e-01  -1.384861192244e+00   1.900000000000e+01   7.400000000000e+00
   1.022414596242e-01   1.594730511709e+00   2.000000000000e+01   7.600000000000e+00
   1.005688504322e-01  -1.488132010293e+00   2.100000000000e+01   7.800000000000e+00
   9.999795213503e-02   1.489134203452e+00   2.200000000000e+01   8.000000000000e+00
   1.005475326794e-01  -1.593750790340e+00   2.300000000000e+01   8.200000000000e+00
   1.021995174520e-01   1.385798869726e+00   2.400000000000e+01   8.400000000000e+00
   1.049018376851e-01  -1.692782456446e+00   2.500000000000e+01   8.600000000000e+00
   1.085760971613e-01   1.292600677819e+00   2.600000000000e+01   8.800000000000e+00
   1.131276329755e-01  -1.779186389098e+00   2.700000000000e+01   9.000000000000e+00
   1.184553627037e-01   1.213418688015e+00   2.800000000000e+01   9.200000000000e+00
   1.244596469008e-01  -1.851145783823e+00   2.900000000000e+01   9.400000000000e+00
   1.310475242149e-01   1.148384050966e+00   3.000000000000e+01   9.600000000000e+00
   1.381355227370e-01  -1.909733991416e+00   3.100000000000e+01   9.800000000000e+00
   1.456506464921e-01   1.095675723190e+00   3.200000000000e+01   1.000000000000e+01
   1.535301864394e-01  -1.957153002837e+00   3.300000000000e+01   1.020000000000e+01
   1.617208849080e-01   1.052971773848e+00   3.400000000000e+01   1.040000000000e+01
   1.701778194287e-01  -1.995677261205e+00   3.500000000000e+01   1.060000000000e+01
   1.788632298109e-01   1.018141273515e+00   3.600000000000e+01   1.080000000000e+01
   1.877454097283e-01  -2.027247485630e+00   3.700000000000e+01   1.100000000000e+01
   1.967977182603e-01   9.894489231603e-01   3.800000000000e+01   1.120000000000e+01
   2.059977283702e-01  -2.053396957793e+00   3.900000000000e+01   1.140000000000e+01
   2.153265088596e-01   9.655500550188e-01   4.000000000000e+01   1.160000000000e+01
   2.247680268287e-01  -2.075299706146e+00   4.100000000000e+01   1.180000000000e+01
   2.343086543302e-01   9.454219734590e-01   4.200000000000e+01   1.200000000000e+01
   2.439367628021e-01  -2.093845918671e+00   4.300000000000e+01   1.220000000000e+01
   2.536423902692e-01   9.282895786697e-01   4.400000000000e+01   1.240000000000e+01
   2.634169682829e-01  -2.109711228442e+00   4.500000000000e+01   1.260000000000e+01
   2.732530976220e-01   9.135629689295e-01   4.600000000000e+01   1.280000000000e+01
   2.831443636796e-01  -2.123411730833e+00   4.700000000000e+01   1.300000000000e+01
   2.930851841184e-01   9.007895856080e-01   4.800000000000e+01   1.320000000000e+01
   3.030706827767e-01  -2.135345247303e+00   4.900000000000e+01   1.340000000000e+01
   3.130965849551e-01   8.896188262741e-01   5.000000000000e+01   1.360000000000e+01
