ARMA_MAT_TXT_FN008
21 4
   0.000000000000e+00   0.000000000000e+00   0.000000000000e+00   0.000000000000e+00
   2.236068510620e-01  -1.107148717794e+00   1.000000000000e+00   0.000000000000e+00
   1.004987989136e-01   1.206816850958e+00   2.000000000000e+00   2.000000000000e-01
   1.044031198964e-01  -9.153606908043e-01   3.000000000000e+00   4.000000000000e-01
   1.118034628494e-01   1.379007536866e+00   4.000000000000e+00   6.000000000000e-01
   1.220656264726e-01  -7.682824525450e-01   5.000000000000e+00   8.000000000000e-01
   1.345363149012e-01   1.501096579582e+00   6.000000000000e+00   1.000000000000e+00
   1.486607644546e-01  -6.681163593597e-01   7.000000000000e+00   1.200000000000e+00
   1.640122731665e-01   1.583215960884e+00   8.000000000000e+00   1.400000000000e+00
   1.802776431238e-01  -6.004233747091e-01   9.000000000000e+00   1.600000000000e+00
   1.972309090161e-01   1.639494469733e+00   1.000000000000e+01   1.800000000000e+00
   2.147093409462e-01  -5.531762478154e-01   1.100000000000e+01   2.000000000000e+00
   2.325942597001e-01   1.679553532175e+00   1.200000000000e+01   2.200000000000e+00
   2.507988799842e-01  -5.188840683266e-01   1.300000000000e+01   2.400000000000e+00
   2.692583643218e-01   1.709174774371e+00   1.400000000000e+01   2.600000000000e+00
   2.879236970331e-01  -4.930830929952e-01   1.500000000000e+01   2.800000000000e+00
   3.067573045082e-01   1.731821183612e+00   1.600000000000e+01   3.000000000000e+00
   3.257299992711e-01  -4.730655447222e-01   1.700000000000e+01   3.200000000000e+00
   3.448188234148e-01   1.749628922599e+00   1.800000000000e+01   3.400000000000e+00
   3.640055075643e-01  -4.571304734176e-01   1.900000000000e+01   3.600000000000e+00
   3.832753554472e-01   1.763965007956e+00   2.000000000000e+01   3.800000000000e+00
