   5.367856160200e+00   5.284402511999e+00   1.999999485378e+00
   5.367856391582e+00   5.284403332084e+00   2.019393383982e+00
   5.367856622964e+00   5.284404152169e+00   2.038787396578e+00
   5.367856854345e+00   5.284404972254e+00   2.058181523166e+00
   5.367857085727e+00   5.284405792339e+00   2.077575763746e+00
   5.367857317109e+00   5.284406612425e+00   2.096970118318e+00
   5.367857548490e+00   5.284407432510e+00   2.116364586882e+00
   5.367857779872e+00   5.284408252595e+00   2.135759169437e+00
   5.367858011253e+00   5.284409072680e+00   2.155153865985e+00
   5.367858242635e+00   5.284409892765e+00   2.174548676524e+00
   5.367858474017e+00   5.284410712850e+00   2.193943601054e+00
   5.367858705398e+00   5.284411532936e+00   2.213338639576e+00
   5.367858936780e+00   5.284412353021e+00   2.232733792090e+00
   5.367859168161e+00   5.284413173106e+00   2.252129058596e+00
   5.367859399543e+00   5.284413993191e+00   2.271524439092e+00
   5.367859630925e+00   5.284414813276e+00   2.290919933581e+00
   5.367859862306e+00   5.284415633361e+00   2.310315542060e+00
   5.367860093688e+00   5.284416453446e+00   2.329711264532e+00
   5.367860325069e+00   5.284417273532e+00   2.349107100994e+00
   5.367860556451e+00   5.284418093617e+00   2.368503051448e+00
   5.367860787833e+00   5.284418913702e+00   2.387899115893e+00
   5.367861019214e+00   5.284419733787e+00   2.407295294329e+00
   5.367861250596e+00   5.284420553872e+00   2.426691586757e+00
   5.367861481977e+00   5.284421373957e+00   2.446087993175e+00
   5.367861713359e+00   5.284422194042e+00   2.465484513585e+00
   5.367861944741e+00   5.284423014128e+00   2.484881147986e+00
   5.367862176122e+00   5.284423834213e+00   2.504277896378e+00
   5.367862407504e+00   5.284424654298e+00   2.523674758761e+00
   5.367862638885e+00   5.284425474383e+00   2.543071735135e+00
   5.367862870267e+00   5.284426294468e+00   2.562468825500e+00
   5.367863101649e+00   5.284427114553e+00   2.581866029855e+00
   5.367863333030e+00   5.284427934638e+00   2.601263348202e+00
   5.367863564412e+00   5.284428754724e+00   2.620660780539e+00
   5.367863795793e+00   5.284429574809e+00   2.640058326867e+00
   5.367864027175e+00   5.284430394894e+00   2.659455987186e+00
   5.367864258557e+00   5.284431214979e+00   2.678853761496e+00
   5.367864489938e+00   5.284432035064e+00   2.698251649796e+00
   5.367864721320e+00   5.284432855149e+00   2.717649652087e+00
   5.367864952701e+00   5.284433675234e+00   2.737047768368e+00
   5.367865184083e+00   5.284434495319e+00   2.756445998640e+00
   5.367865415464e+00   5.284435315405e+00   2.775844342902e+00
   5.367865646846e+00   5.284436135490e+00   2.795242801155e+00
   5.367865878227e+00   5.284436955575e+00   2.814641373399e+00
   5.367866109609e+00   5.284437775660e+00   2.834040059632e+00
   5.367866340991e+00   5.284438595745e+00   2.853438859856e+00
   5.367866572372e+00   5.284439415830e+00   2.872837774071e+00
   5.367866803754e+00   5.284440235915e+00   2.892236802275e+00
   5.367867035135e+00   5.284441056000e+00   2.911635944470e+00
   5.367867266517e+00   5.284441876085e+00   2.931035200655e+00
   5.367867497898e+00   5.284442696170e+00   2.950434570830e+00
   5.367867729280e+00   5.284443516256e+00   2.969834054996e+00
   5.367867960662e+00   5.284444336341e+00   2.989233653151e+00
   5.367868192043e+00   5.284445156426e+00   3.008633365296e+00
   5.367868423425e+00   5.284445976511e+00   3.028033191432e+00
   5.367868654806e+00   5.284446796596e+00   3.047433131557e+00
   5.367868886188e+00   5.284447616681e+00   3.066833185673e+00
   5.367869117569e+00   5.284448436766e+00   3.086233353778e+00
   5.367869348951e+00   5.284449256851e+00   3.105633635873e+00
   5.367869580332e+00   5.284450076936e+00   3.125034031958e+00
   5.367869811714e+00   5.284450897021e+00   3.144434542032e+00
   5.367870043095e+00   5.284451717106e+00   3.163835166096e+00
   5.367870274477e+00   5.284452537192e+00   3.183235904150e+00
   5.367870505858e+00   5.284453357277e+00   3.202636756194e+00
   5.367870737240e+00   5.284454177362e+00   3.222037722227e+00
   5.367870968622e+00   5.284454997447e+00   3.241438802250e+00
   5.367871200003e+00   5.284455817532e+00   3.260839996263e+00
   5.367871431385e+00   5.284456637617e+00   3.280241304264e+00
   5.367871662766e+00   5.284457457702e+00   3.299642726256e+00
   5.367871894148e+00   5.284458277787e+00   3.319044262237e+00
   5.367872125529e+00   5.284459097872e+00   3.338445912207e+00
   5.367872356911e+00   5.284459917957e+00   3.357847676166e+00
   5.367872588292e+00   5.284460738042e+00   3.377249554115e+00
   5.367872819674e+00   5.284461558127e+00   3.396651546053e+00
   5.367873051055e+00   5.284462378212e+00   3.416053651980e+00
   5.367873282437e+00   5.284463198298e+00   3.435455871897e+00
   5.367873513818e+00   5.284464018383e+00   3.454858205802e+00
   5.367873745200e+00   5.284464838468e+00   3.474260653697e+00
   5.367873976581e+00   5.284465658553e+00   3.493663215581e+00
   5.367874207963e+00   5.284466478638e+00   3.513065891453e+00
   5.367874439344e+00   5.284467298723e+00   3.532468681315e+00
   5.367874670726e+00   5.284468118808e+00   3.551871585166e+00
   5.367874902107e+00   5.284468938893e+00   3.571274603005e+00
   5.367875133489e+00   5.284469758978e+00   3.590677734834e+00
   5.367875364870e+00   5.284470579063e+00   3.610080980651e+00
   5.367875596252e+00   5.284471399148e+00   3.629484340457e+00
   5.367875827633e+00   5.284472219233e+00   3.648887814252e+00
   5.367876059015e+00   5.284473039318e+00   3.668291402036e+00
   5.367876290396e+00   5.284473859403e+00   3.687695103808e+00
   5.367876521778e+00   5.284474679488e+00   3.707098919569e+00
   5.367876753159e+00   5.284475499573e+00   3.726502849319e+00
   5.367876984541e+00   5.284476319658e+00   3.745906893057e+00
   5.367877215922e+00   5.284477139743e+00   3.765311050784e+00
   5.367877447304e+00   5.284477959828e+00   3.784715322499e+00
   5.367877678685e+00   5.284478779913e+00   3.804119708202e+00
   5.367877910067e+00   5.284479599998e+00   3.823524207894e+00
   5.367878141448e+00   5.284480420083e+00   3.842928821575e+00
   5.367878372830e+00   5.284481240169e+00   3.862333549243e+00
   5.367878604211e+00   5.284482060254e+00   3.881738390900e+00
   5.367878835593e+00   5.284482880339e+00   3.901143346546e+00
   5.367879066974e+00   5.284483700424e+00   3.920548416179e+00
   5.367879298356e+00   5.284484520509e+00   3.939953599801e+00
