   0.000000000000e+00   0.000000000000e+00   0.000000000000e+00   0.000000000000e+00
   5.200000000000e+00  -2.552541875000e-01   5.031515563352e+00  -1.312955115663e+00
   9.555000000000e+00  -4.690295695313e-01   8.523130353139e+00  -4.319059386417e+00
   1.320231250000e+01  -6.480664519824e-01   1.052557620641e+01  -7.969523252409e+00
   1.625693671875e+01  -7.980098410353e-01   1.134950369869e+01  -1.163944832331e+01
   1.881518450195e+01  -9.235874293670e-01   1.134484315555e+01  -1.501018659506e+01
   2.095771702039e+01  -1.028758659595e+00   1.081172255088e+01  -1.795362242527e+01
   2.275208800457e+01  -1.116839564911e+00   9.977358816346e+00  -2.044773385042e+01
   2.425487370383e+01  -1.190607323113e+00   9.000886219613e+00  -2.252294265078e+01
   2.551345672696e+01  -1.252387820607e+00   7.987126946762e+00  -2.423101890748e+01
   2.656752000883e+01  -1.304128987258e+00   7.001020806513e+00  -2.562847687800e+01
   2.745029800739e+01  -1.347462214329e+00   6.079751184189e+00  -2.676855405570e+01
   2.818962458119e+01  -1.383753792000e+00   5.241968654799e+00  -2.769795477378e+01
   2.880881058675e+01  -1.414147988300e+00   4.494418354588e+00  -2.845606738601e+01
   2.932737886640e+01  -1.439603127702e+00   3.836525023848e+00  -2.907535428700e+01
   2.976167980061e+01  -1.460921806950e+00   3.263474683615e+00  -2.958221285745e+01
   3.012540683301e+01  -1.478776200821e+00   2.768233105965e+00  -2.999795030207e+01
   3.043002822265e+01  -1.493729255687e+00   2.342832397044e+00  -3.033970589822e+01
   3.068514863647e+01  -1.506252439138e+00   1.979163947206e+00  -3.062125498591e+01
   3.089881198304e+01  -1.516740605278e+00   1.669444273293e+00  -3.085367948530e+01
   3.107775503580e+01  -1.525524444420e+00   1.406467919381e+00  -3.104591287202e+01
   3.122761984248e+01  -1.532880909702e+00   1.183724567333e+00  -3.120517644839e+01
   3.135313161808e+01  -1.539041949376e+00   9.954318659555e-01  -3.133732563032e+01
   3.145824773014e+01  -1.544201820102e+00   8.365179646336e-01  -3.144712368319e+01
   3.154628247399e+01  -1.548523211835e+00   7.025758823864e-01  -3.153845787381e+01
   3.162001157197e+01  -1.552142377412e+00   5.898038882962e-01  -3.161451032651e+01
   3.168175969152e+01  -1.555173428583e+00   4.949407724967e-01  -3.167789340823e+01
   3.173347374165e+01  -1.557711933938e+00   4.152013897407e-01  -3.173075737385e+01
   3.177678425863e+01  -1.559837932173e+00   3.482155722942e-01  -3.177487629771e+01
   3.181305681660e+01  -1.561618455695e+00   2.919720357553e-01  -3.181171696635e+01
   3.184343508391e+01  -1.563109644145e+00   2.447679696148e-01  -3.184249435242e+01
   3.186887688277e+01  -1.564358514471e+00   2.051644311485e-01  -3.186821647544e+01
   3.189018438932e+01  -1.565404443369e+00   1.719473234851e-01  -3.188972082824e+01
   3.190802942606e+01  -1.566280408822e+00   1.440935538028e-01  -3.190770406817e+01
   3.192297464432e+01  -1.567014029888e+00   1.207418803591e-01  -3.192274630323e+01
   3.193549126462e+01  -1.567628437532e+00   1.011679306854e-01  -3.193533102009e+01
   3.194597393412e+01  -1.568143003933e+00   8.476288353916e-02  -3.194586148240e+01
   3.195475316982e+01  -1.568573953294e+00   7.101533822840e-02  -3.195467425849e+01
   3.196210577973e+01  -1.568934873383e+00   5.949593648372e-02  -3.196205040526e+01
   3.196826359052e+01  -1.569237143959e+00   4.984434770130e-02  -3.196822473229e+01
   3.197342075706e+01  -1.569490295565e+00   4.175827415395e-02  -3.197339348825e+01
   3.197773988404e+01  -1.569702310036e+00   3.498417636772e-02  -3.197772074740e+01
   3.198135715288e+01  -1.569879872155e+00   2.930945904667e-02  -3.198134372249e+01
   3.198438661554e+01  -1.570028580430e+00   2.455589414825e-02  -3.198437718919e+01
   3.198692379051e+01  -1.570153123610e+00   2.057408983705e-02  -3.198691717385e+01
   3.198904867456e+01  -1.570257428523e+00   1.723884220276e-02  -3.198904402956e+01
   3.199082826494e+01  -1.570344783888e+00   1.444523108646e-02  -3.199082500362e+01
   3.199231867189e+01  -1.570417944006e+00   1.210534245749e-02  -3.199231638166e+01
   3.199356688771e+01  -1.570479215605e+00   1.014551788057e-02  -3.199356527908e+01
   3.199461226845e+01  -1.570530530570e+00   8.504047071973e-03  -3.199461113828e+01
   3.199548777483e+01  -1.570573506852e+00   7.129232699776e-03  -3.199548698056e+01
   3.199622101142e+01  -1.570609499489e+00   5.977767749925e-03  -3.199622045302e+01
   3.199683509706e+01  -1.570639643322e+00   5.013375234945e-03  -3.199683470431e+01
   3.199734939379e+01  -1.570664888782e+00   4.205668013571e-03  -3.199734911740e+01
   3.199778011730e+01  -1.570686031855e+00   3.529193232944e-03  -3.199777992267e+01
   3.199814084824e+01  -1.570703739178e+00   2.962631588411e-03  -3.199814071109e+01
   3.199844296040e+01  -1.570718569062e+00   2.488126380510e-03  -3.199844286366e+01
   3.199869597934e+01  -1.570730989089e+00   2.090721373734e-03  -3.199869591103e+01
   3.199890788269e+01  -1.570741390862e+00   1.757889844282e-03  -3.199890783441e+01
   3.199908535176e+01  -1.570750102347e+00   1.479140046210e-03  -3.199908531757e+01
   3.199923398210e+01  -1.570757398216e+00   1.245684711063e-03  -3.199923395785e+01
