   0.000000000000e+00   0.000000000000e+00   0.000000000000e+00   0.000000000000e+00
   4.062500000000e+00   5.105083750000e-01   3.544515884692e+00   1.985022265157e+00
   7.464843750000e+00   9.380591390625e-01   4.414367235186e+00   6.019738709017e+00
   1.031430664063e+01   1.296132903965e+00   2.797477099554e+00   9.927690736234e+00
   1.270073181152e+01   1.596019682071e+00  -3.203211025650e-01   1.269669181084e+01
   1.469936289215e+01   1.847174858734e+00  -4.011065312381e+00   1.414152129352e+01
   1.637321642218e+01   2.057517319190e+00  -7.658247581314e+00   1.447181605711e+01
   1.777506875357e+01   2.233679129821e+00  -1.093862965606e+01   1.401069057691e+01
   1.894912008112e+01   2.381214646225e+00  -1.373006894527e+01   1.305964618995e+01
   1.993238806794e+01   2.504775641214e+00  -1.602549165377e+01   1.185258247580e+01
   2.075587500690e+01   2.608257974517e+00  -1.787322612792e+01   1.055244687654e+01
   2.144554531828e+01   2.694924428658e+00  -1.934155094340e+01   9.263682912439e+00
   2.202314420406e+01   2.767507584001e+00  -2.050007522333e+01   8.047719954777e+00
   2.250688327090e+01   2.828295976601e+00  -2.141130934237e+01   6.936542857586e+00
   2.291201473938e+01   2.879206255403e+00  -2.212782194605e+01   5.943056060744e+00
   2.325131234423e+01   2.921843613900e+00  -2.269216909978e+01   5.068430454886e+00
   2.353547408829e+01   2.957552401641e+00  -2.313801500938e+01   4.307064195722e+00
   2.377345954894e+01   2.987458511375e+00  -2.349162118272e+01   3.649810013272e+00
   2.397277237224e+01   3.012504878276e+00  -2.377331259161e+01   3.086004477091e+00
   2.413969686175e+01   3.033481210556e+00  -2.399876081100e+01   2.604696549247e+00
   2.427949612172e+01   3.051048888841e+00  -2.418004033705e+01   2.195354464153e+00
   2.439657800194e+01   3.065761819404e+00  -2.432646759875e+01   1.848240344617e+00
   2.449463407662e+01   3.078083898751e+00  -2.444525281526e+01   1.554578189062e+00
   2.457675603917e+01   3.088403640204e+00  -2.454199953871e+01   1.306597126506e+00
   2.464553318281e+01   3.097046423671e+00  -2.462108433972e+01   1.097502529026e+00
   2.470313404060e+01   3.104284754824e+00  -2.468594414401e+01   9.214082410833e-01
   2.475137475900e+01   3.110346857165e+00  -2.473929336093e+01   7.732505818803e-01
   2.479177636066e+01   3.115423867876e+00  -2.478328807459e+01   6.486966386426e-01
   2.482561270206e+01   3.119675864346e+00  -2.481965050318e+01   5.440541633186e-01
   2.485395063797e+01   3.123236911390e+00  -2.484976369408e+01   4.561870921167e-01
   2.487768365930e+01   3.126219288289e+00  -2.487474391684e+01   3.824386540331e-01
   2.489756006467e+01   3.128717028942e+00  -2.489549631313e+01   3.205627806233e-01
   2.491420655416e+01   3.130808886739e+00  -2.491275793630e+01   2.686637875459e-01
   2.492814798911e+01   3.132560817644e+00  -2.492713125089e+01   2.251438820590e-01
   2.493982394088e+01   3.134028059777e+00  -2.493911037751e+01   1.886578386042e-01
   2.494960255048e+01   3.135256875063e+00  -2.494910178757e+01   1.580740985136e-01
   2.495779213603e+01   3.136286007865e+00  -2.495744072504e+01   1.324415393257e-01
   2.496465091393e+01   3.137147906587e+00  -2.496440431631e+01   1.109611919654e-01
   2.497039514041e+01   3.137869746767e+00  -2.497022209533e+01   9.296223969762e-02
   2.497520593010e+01   3.138474287917e+00  -2.497508449819e+01   7.788169861580e-02
   2.497923496646e+01   3.138980591131e+00  -2.497914975146e+01   6.524724771861e-02
   2.498260928441e+01   3.139404620072e+00  -2.498254948243e+01   5.466274286213e-02
   2.498543527569e+01   3.139759744310e+00  -2.498539330571e+01   4.579601052856e-02
   2.498780204339e+01   3.140057160860e+00  -2.498777258605e+01   3.836857329856e-02
   2.498978421134e+01   3.140306247220e+00  -2.498976353428e+01   3.214700872030e-02
   2.499144427700e+01   3.140514857047e+00  -2.499142976140e+01   2.693568703065e-02
   2.499283458198e+01   3.140689567777e+00  -2.499282439036e+01   2.257067127182e-02
   2.499399896241e+01   3.140835888013e+00  -2.499399180545e+01   1.891459623598e-02
   2.499497413102e+01   3.140958431211e+00  -2.499496910406e+01   1.585237089144e-02
   2.499579083473e+01   3.141061061139e+00  -2.499578730294e+01   1.328757308067e-02
   2.499647482409e+01   3.141147013704e+00  -2.499647234200e+01   1.113942581712e-02
   2.499704766517e+01   3.141218998977e+00  -2.499704592016e+01   9.340261946760e-03
   2.499752741958e+01   3.141279286643e+00  -2.499752619222e+01   7.833398708814e-03
   2.499792921390e+01   3.141329777564e+00  -2.499792835017e+01   6.571356214707e-03
   2.499826571664e+01   3.141372063710e+00  -2.499826510843e+01   5.514364392934e-03
   2.499854753769e+01   3.141407478357e+00  -2.499854710909e+01   4.629111836541e-03
   2.499878356281e+01   3.141437138124e+00  -2.499878326051e+01   3.887697457261e-03
   2.499898123386e+01   3.141461978179e+00  -2.499898102041e+01   3.266752138842e-03
   2.499914678335e+01   3.141482781725e+00  -2.499914663246e+01   2.746702876657e-03
   2.499928543106e+01   3.141500204694e+00  -2.499928532423e+01   2.311156318868e-03
