   0.000000000000e+00   0.000000000000e+00   0.000000000000e+00   0.000000000000e+00
   3.737500000000e+00  -6.381354687500e-02   3.729892716658e+00  -2.383412935667e-01
   6.867656250000e+00  -1.172573923828e-01   6.820497600813e+00  -8.034393850587e-01
   9.489162109375e+00  -1.620166129956e-01   9.364891976306e+00  -1.530684752037e+00
   1.168467326660e+01  -1.995024602588e-01   1.145291130602e+01  -2.315688226762e+00
   1.352341386078e+01  -2.308968573418e-01   1.316452328475e+01  -3.094842344171e+00
   1.506335910840e+01  -2.571896648987e-01   1.456790479266e+01  -3.831571163471e+00
   1.635306325329e+01  -2.792098912277e-01   1.571976617473e+01  -4.506842484258e+00
   1.743319047463e+01  -2.976518307782e-01   1.666661449461e+01  -5.112738152159e+00
   1.833779702250e+01  -3.130969551517e-01   1.744629129452e+01  -5.648160736499e+00
   1.909540500634e+01  -3.260322468146e-01   1.808947083566e+01  -6.116006641760e+00
   1.972990169281e+01  -3.368655535822e-01   1.862098908052e+01  -6.521333182036e+00
   2.026129266773e+01  -3.459384480001e-01   1.906096624346e+01  -6.870192605234e+00
   2.070633260922e+01  -3.535369970751e-01   1.942572898838e+01  -7.168909498229e+00
   2.107905356023e+01  -3.599007819254e-01   1.972855593052e+01  -7.423650038302e+00
   2.139120735669e+01  -3.652304517375e-01   1.998027490945e+01  -7.640181065885e+00
   2.165263616123e+01  -3.696940502052e-01   2.018973941739e+01  -7.823750698259e+00
   2.187158278503e+01  -3.734323139218e-01   2.036420814145e+01  -7.979045074074e+00
   2.205495058246e+01  -3.765631097845e-01   2.050964755947e+01  -8.110191254291e+00
   2.220852111281e+01  -3.791851513195e-01   2.063097371162e+01  -8.220786685499e+00
   2.233713643198e+01  -3.813811111051e-01   2.073224596269e+01  -8.313942586010e+00
   2.244485176178e+01  -3.832202274255e-01   2.081682284065e+01  -8.392333252995e+00
   2.253506335049e+01  -3.847604873439e-01   2.088748784958e+01  -8.458246363424e+00
   2.261061555604e+01  -3.860504550255e-01   2.094655143070e+01  -8.513631362933e+00
   2.267389052818e+01  -3.871308029589e-01   2.099593390114e+01  -8.560144350593e+00
   2.272688331735e+01  -3.880355943531e-01   2.103723315670e+01  -8.599188707737e+00
   2.277126477828e+01  -3.887933571457e-01   2.107178011772e+01  -8.631951243672e+00
   2.280843425181e+01  -3.894279834845e-01   2.110068427173e+01  -8.659433947100e+00
   2.283956368589e+01  -3.899594830433e-01   2.112487118134e+01  -8.682481611479e+00
   2.286563458693e+01  -3.904046139237e-01   2.114511344805e+01  -8.701805693775e+00
   2.288746896656e+01  -3.907774110361e-01   2.116205632674e+01  -8.718004801496e+00
   2.290575525949e+01  -3.910896286177e-01   2.117623895359e+01  -8.731582204181e+00
   2.292107002982e+01  -3.913511108424e-01   2.118811196620e+01  -8.742960746801e+00
   2.293389614998e+01  -3.915701022055e-01   2.119805214901e+01  -8.752495513031e+00
   2.294463802561e+01  -3.917535074721e-01   2.120637462033e+01  -8.760484552141e+00
   2.295363434645e+01  -3.919071093829e-01   2.121334298364e+01  -8.767177947813e+00
   2.296116876515e+01  -3.920357509832e-01   2.121917779060e+01  -8.772785472852e+00
   2.296747884081e+01  -3.921434883234e-01   2.122406360136e+01  -8.777483041781e+00
   2.297276352918e+01  -3.922337183458e-01   2.122815487849e+01  -8.781418144150e+00
   2.297718945569e+01  -3.923092859897e-01   2.123158090961e+01  -8.784714415458e+00
   2.298089616914e+01  -3.923725738913e-01   2.123444992061e+01  -8.787475479675e+00
   2.298400054165e+01  -3.924255775090e-01   2.123685251383e+01  -8.789788177452e+00
   2.298660045363e+01  -3.924699680388e-01   2.123886454291e+01  -8.791725276808e+00
   2.298877787992e+01  -3.925071451075e-01   2.124054951713e+01  -8.793347748293e+00
   2.299060147443e+01  -3.925382809025e-01   2.124196061281e+01  -8.794706673911e+00
   2.299212873484e+01  -3.925643571309e-01   2.124314235616e+01  -8.795844848288e+00
   2.299340781543e+01  -3.925861959721e-01   2.124413203166e+01  -8.796798121351e+00
   2.299447904542e+01  -3.926044860016e-01   2.124496086065e+01  -8.797596524031e+00
   2.299537620054e+01  -3.926198039014e-01   2.124565498792e+01  -8.798265211868e+00
   2.299612756795e+01  -3.926326326424e-01   2.124623630759e+01  -8.798825255882e+00
   2.299675683816e+01  -3.926433767130e-01   2.124672315444e+01  -8.799294305335e+00
   2.299728385196e+01  -3.926523748721e-01   2.124713088281e+01  -8.799687143083e+00
   2.299772522602e+01  -3.926599108304e-01   2.124747235121e+01  -8.800016150891e+00
   2.299809487679e+01  -3.926662221955e-01   2.124775832810e+01  -8.800291699274e+00
   2.299840445931e+01  -3.926715079637e-01   2.124799783172e+01  -8.800522474093e+00
   2.299866373467e+01  -3.926759347946e-01   2.124819841459e+01  -8.800715750141e+00
   2.299888087779e+01  -3.926796422655e-01   2.124836640174e+01  -8.800877620330e+00
   2.299906273515e+01  -3.926827472723e-01   2.124850709028e+01  -8.801013187665e+00
   2.299921504069e+01  -3.926853477156e-01   2.124862491645e+01  -8.801126726046e+00
