   0.000000000000e+00   0.000000000000e+00   0.000000000000e+00   0.000000000000e+00
   4.062500000000e+00   3.828812812500e-01   3.768342727819e+00   1.517728347133e+00
   7.464843750000e+00   7.035443542969e-01   5.692346850584e+00   4.829190361185e+00
   1.031430664063e+01   9.720996779736e-01   5.812795547669e+00   8.520347962251e+00
   1.270073181152e+01   1.197014761553e+00   4.637526094695e+00   1.182378705277e+01
   1.469936289215e+01   1.385381144051e+00   2.709895398962e+00   1.444741279129e+01
   1.637321642218e+01   1.543137989392e+00   4.527982084809e-01   1.636695420015e+01
   1.777506875357e+01   1.675259347366e+00  -1.853462085044e+00   1.767817149746e+01
   1.894912008112e+01   1.785910984669e+00  -4.044868654516e+00   1.851237935589e+01
   1.993238806794e+01   1.878581730910e+00  -6.038494164383e+00   1.899570168005e+01
   2.075587500690e+01   1.956193480887e+00  -7.802697744701e+00   1.923341506875e+01
   2.144554531828e+01   2.021193321493e+00  -9.335738535934e+00   1.930687442304e+01
   2.202314420406e+01   2.075630688001e+00  -1.065176834146e+01   1.927585826448e+01
   2.250688327090e+01   2.121221982450e+00  -1.177222672297e+01   1.918266072662e+01
   2.291201473938e+01   2.159404691552e+00  -1.272084493990e+01   1.905624631013e+01
   2.325131234423e+01   2.191382710425e+00  -1.352092425000e+01   1.891581700997e+01
   2.353547408829e+01   2.218164301231e+00  -1.419398550926e+01   1.877363353012e+01
   2.377345954894e+01   2.240593883531e+00  -1.475921258209e+01   1.863714095246e+01
   2.397277237224e+01   2.259378658707e+00  -1.523333451963e+01   1.851051956657e+01
   2.413969686175e+01   2.275110907917e+00  -1.563073505212e+01   1.839578990714e+01
   2.427949612172e+01   2.288286666631e+00  -1.596366722463e+01   1.829358523269e+01
   2.439657800194e+01   2.299321364553e+00  -1.624250500106e+01   1.820368230593e+01
   2.449463407662e+01   2.308562924063e+00  -1.647599555496e+01   1.812535983148e+01
   2.457675603917e+01   2.316302730153e+00  -1.667149437171e+01   1.805763585919e+01
   2.464553318281e+01   2.322784817753e+00  -1.683517562573e+01   1.799942131058e+01
   2.470313404060e+01   2.328213566118e+00  -1.697221589872e+01   1.794961612166e+01
   2.475137475900e+01   2.332760142874e+00  -1.708695217520e+01   1.790716666095e+01
   2.479177636066e+01   2.336567900907e+00  -1.718301637938e+01   1.787109742638e+01
   2.482561270206e+01   2.339756898260e+00  -1.726344919977e+01   1.784052599448e+01
   2.485395063797e+01   2.342427683542e+00  -1.733079598453e+01   1.781466735186e+01
   2.487768365930e+01   2.344664466217e+00  -1.738718731071e+01   1.779283174975e+01
   2.489756006467e+01   2.346537771707e+00  -1.743440655755e+01   1.777441884168e+01
   2.491420655416e+01   2.348106665054e+00  -1.747394651796e+01   1.775890991335e+01
   2.492814798911e+01   2.349420613233e+00  -1.750705679464e+01   1.774585936369e+01
   2.493982394088e+01   2.350521044833e+00  -1.753478346629e+01   1.773488615673e+01
   2.494960255048e+01   2.351442656297e+00  -1.755800227821e+01   1.772566566946e+01
   2.495779213603e+01   2.352214505899e+00  -1.757744641267e+01   1.771792216697e+01
   2.496465091393e+01   2.352860929940e+00  -1.759372972428e+01   1.771142201075e+01
   2.497039514041e+01   2.353402310075e+00  -1.760736618201e+01   1.770596762679e+01
   2.497520593010e+01   2.353855715938e+00  -1.761878613824e+01   1.770139221264e+01
   2.497923496646e+01   2.354235443348e+00  -1.762834994387e+01   1.769755513527e+01
   2.498260928441e+01   2.354553465054e+00  -1.763635934340e+01   1.769433795788e+01
   2.498543527569e+01   2.354819808233e+00  -1.764306701273e+01   1.769164102903e+01
   2.498780204339e+01   2.355042870645e+00  -1.764868454297e+01   1.768938056751e+01
   2.498978421134e+01   2.355229685415e+00  -1.765338912402e+01   1.768748617993e+01
   2.499144427700e+01   2.355386142785e+00  -1.765732913994e+01   1.768589875279e+01
   2.499283458198e+01   2.355517175833e+00  -1.766062885355e+01   1.768456866705e+01
   2.499399896241e+01   2.355626916010e+00  -1.766339232876e+01   1.768345428849e+01
   2.499497413102e+01   2.355718823408e+00  -1.766570671470e+01   1.768252069363e+01
   2.499579083473e+01   2.355795795854e+00  -1.766764499568e+01   1.768173859552e+01
   2.499647482409e+01   2.355860260278e+00  -1.766926829389e+01   1.768108343936e+01
   2.499704766517e+01   2.355914249233e+00  -1.767062779764e+01   1.768053464158e+01
   2.499752741958e+01   2.355959464982e+00  -1.767176637606e+01   1.768007495014e+01
   2.499792921390e+01   2.355997333173e+00  -1.767271993130e+01   1.767968990715e+01
   2.499826571664e+01   2.356029047782e+00  -1.767351853087e+01   1.767936739758e+01
   2.499854753769e+01   2.356055608768e+00  -1.767418735595e+01   1.767909727052e+01
   2.499878356281e+01   2.356077853593e+00  -1.767474749551e+01   1.767887102137e+01
   2.499898123386e+01   2.356096483634e+00  -1.767521661137e+01   1.767868152526e+01
   2.499914678335e+01   2.356112086294e+00  -1.767560949520e+01   1.767852281354e+01
   2.499928543106e+01   2.356125153521e+00  -1.767593853490e+01   1.767838988636e+01
