   3.500000000000e-01   0.000000000000e+00
   3.744221352663e-01   8.914775276811e-03
   3.801771548314e-01   5.190895083953e-02
   3.846372949943e-01   8.522943690063e-02
   3.880939036206e-01   1.110528135980e-01
   3.907727753060e-01   1.310659305384e-01
   3.928489008621e-01   1.465760961673e-01
   3.944578981681e-01   1.585964745297e-01
   3.957048710803e-01   1.679122677605e-01
   3.966712750872e-01   1.751320075144e-01
   3.974202381926e-01   1.807273058236e-01
   3.980006845993e-01   1.850636620133e-01
   3.984505305644e-01   1.884243380603e-01
   3.987991611874e-01   1.910288619968e-01
   3.990693499203e-01   1.930473680475e-01
   3.992787461882e-01   1.946117102368e-01
   3.994410282959e-01   1.958240754335e-01
   3.995667969293e-01   1.967636584610e-01
   3.996642676202e-01   1.974918353073e-01
   3.997398074057e-01   1.980561723631e-01
   3.997983507394e-01   1.984935335814e-01
   3.998437218230e-01   1.988324885256e-01
   3.998788844128e-01   1.990951786073e-01
   3.999061354200e-01   1.992987634207e-01
   3.999272549505e-01   1.994565416510e-01
   3.999436225866e-01   1.995788197796e-01
   3.999563075046e-01   1.996735853292e-01
   3.999661383161e-01   1.997470286301e-01
   3.999737571950e-01   1.998039471883e-01
   3.999796618261e-01   1.998480590709e-01
   3.999842379152e-01   1.998822457800e-01
   3.999877843843e-01   1.999087404795e-01
   3.999905328978e-01   1.999292738716e-01
