   3.500000000000e-01   0.000000000000e+00
   3.600000000000e-01   0.000000000000e+00
   3.700000000000e-01   0.000000000000e+00
   3.800000000000e-01   0.000000000000e+00
   3.900000000000e-01   0.000000000000e+00
   4.000000000000e-01   0.000000000000e+00
   4.100000000000e-01   0.000000000000e+00
   4.200000000000e-01   0.000000000000e+00
   4.300000000000e-01   0.000000000000e+00
   4.400000000000e-01   0.000000000000e+00
   4.500000000000e-01   0.000000000000e+00
   4.600000000000e-01   0.000000000000e+00
   4.700000000000e-01   0.000000000000e+00
   4.800000000000e-01   0.000000000000e+00
   4.900000000000e-01   0.000000000000e+00
   3.482514578473e-01   3.494169582639e-02
   3.582014995001e-01   3.594002999286e-02
   3.681515411529e-01   3.693836415933e-02
   3.781015828056e-01   3.793669832579e-02
   3.880516244584e-01   3.893503249226e-02
   3.980016661112e-01   3.993336665873e-02
   4.079517077640e-01   4.093170082520e-02
   4.179017494168e-01   4.193003499167e-02
   4.278517910696e-01   4.292836915814e-02
   4.378018327223e-01   4.392670332460e-02
   4.477518743751e-01   4.492503749107e-02
   4.577019160279e-01   4.592337165754e-02
   4.676519576807e-01   4.692170582401e-02
   4.776019993335e-01   4.792003999048e-02
   4.875520409862e-01   4.891837415695e-02
   3.430233022444e-01   6.953426577827e-02
   3.528239680228e-01   7.152095908622e-02
   3.626246338013e-01   7.350765239417e-02
   3.724252995797e-01   7.549434570212e-02
   3.822259653581e-01   7.748103901007e-02
   3.920266311365e-01   7.946773231802e-02
   4.018272969149e-01   8.145442562598e-02
   4.116279626933e-01   8.344111893393e-02
   4.214286284717e-01   8.542781224188e-02
   4.312292942501e-01   8.741450554983e-02
   4.410299600286e-01   8.940119885778e-02
   4.508306258070e-01   9.138789216573e-02
   4.606312915854e-01   9.337458547368e-02
   4.704319573638e-01   9.536127878163e-02
   4.802326231422e-01   9.734797208958e-02
   3.343677711940e-01   1.034320723315e-01
   3.439211360852e-01   1.063872743981e-01
   3.534745009765e-01   1.093424764647e-01
   3.630278658677e-01   1.122976785313e-01
   3.725812307590e-01   1.152528805979e-01
   3.821345956502e-01   1.182080826645e-01
   3.916879605415e-01   1.211632847311e-01
   4.012413254328e-01   1.241184867978e-01
   4.107946903240e-01   1.270736888644e-01
   4.203480552153e-01   1.300288909310e-01
   4.299014201065e-01   1.329840929976e-01
   4.394547849978e-01   1.359392950642e-01
   4.490081498890e-01   1.388944971308e-01
   4.585615147803e-01   1.418496991974e-01
   4.681148796715e-01   1.448049012641e-01
   3.223713479010e-01   1.362964198080e-01
   3.315819578410e-01   1.401906032311e-01
   3.407925677811e-01   1.440847866542e-01
   3.500031777211e-01   1.479789700773e-01
   3.592137876611e-01   1.518731535004e-01
   3.684243976012e-01   1.557673369235e-01
   3.776350075412e-01   1.596615203465e-01
   3.868456174812e-01   1.635557037696e-01
   3.960562274212e-01   1.674498871927e-01
   4.052668373613e-01   1.713440706158e-01
   4.144774473013e-01   1.752382540389e-01
   4.236880572413e-01   1.791324374620e-01
   4.328986671814e-01   1.830266208851e-01
   4.421092771214e-01   1.869208043082e-01
   4.513198870614e-01   1.908149877312e-01
   3.071538966616e-01   1.677989385115e-01
   3.159297222805e-01   1.725931938975e-01
   3.247055478994e-01   1.773874492836e-01
   3.334813735183e-01   1.821817046696e-01
   3.422571991372e-01   1.869759600556e-01
   3.510330247561e-01   1.917702154417e-01
   3.598088503751e-01   1.965644708277e-01
   3.685846759940e-01   2.013587262138e-01
   3.773605016129e-01   2.061529815998e-01
   3.861363272318e-01   2.109472369858e-01
   3.949121528507e-01   2.157414923719e-01
   4.036879784696e-01   2.205357477579e-01
   4.124638040885e-01   2.253300031440e-01
   4.212396297074e-01   2.301242585300e-01
   4.300154553263e-01   2.349185139161e-01
   2.888674652184e-01   1.976248656883e-01
   2.971208213675e-01   2.032712904222e-01
   3.053741775166e-01   2.089177151562e-01
   3.136275336657e-01   2.145641398901e-01
   3.218808898148e-01   2.202105646241e-01
   3.301342459639e-01   2.258569893580e-01
   3.383876021130e-01   2.315034140920e-01
   3.466409582621e-01   2.371498388259e-01
   3.548943144112e-01   2.427962635599e-01
   3.631476705603e-01   2.484426882938e-01
   3.714010267094e-01   2.540891130278e-01
   3.796543828585e-01   2.597355377617e-01
   3.879077390075e-01   2.653819624957e-01
   3.961610951566e-01   2.710283872296e-01
   4.044144513057e-01   2.766748119636e-01
   2.676947655496e-01   2.254761905332e-01
   2.753431874224e-01   2.319183674056e-01
   2.829916092953e-01   2.383605442779e-01
   2.906400311681e-01   2.448027211503e-01
   2.982884530410e-01   2.512448980227e-01
   3.059368749138e-01   2.576870748951e-01
   3.135852967866e-01   2.641292517675e-01
   3.212337186595e-01   2.705714286398e-01
   3.288821405323e-01   2.770136055122e-01
   3.365305624052e-01   2.834557823846e-01
   3.441789842780e-01   2.898979592570e-01
   3.518274061509e-01   2.963401361293e-01
   3.594758280237e-01   3.027823130017e-01
   3.671242498966e-01   3.092244898741e-01
   3.747726717694e-01   3.156666667465e-01
   2.438473482715e-01   2.510746318148e-01
   2.508144153650e-01   2.582481927238e-01
   2.577814824585e-01   2.654217536328e-01
   2.647485495519e-01   2.725953145418e-01
   2.717156166454e-01   2.797688754508e-01
   2.786826837389e-01   2.869424363598e-01
   2.856497508323e-01   2.941159972688e-01
   2.926168179258e-01   3.012895581778e-01
   2.995838850193e-01   3.084631190868e-01
   3.065509521128e-01   3.156366799958e-01
   3.135180192062e-01   3.228102409048e-01
   3.204850862997e-01   3.299838018138e-01
   3.274521533932e-01   3.371573627228e-01
   3.344192204866e-01   3.443309236318e-01
   3.413862875801e-01   3.515044845408e-01
   2.175634888947e-01   2.741644183696e-01
   2.237795885774e-01   2.819976874659e-01
   2.299956882601e-01   2.898309565622e-01
   2.362117879429e-01   2.976642256584e-01
   2.424278876256e-01   3.054974947547e-01
   2.486439873083e-01   3.133307638510e-01
   2.548600869910e-01   3.211640329473e-01
   2.610761866737e-01   3.289973020435e-01
   2.672922863564e-01   3.368305711398e-01
   2.735083860391e-01   3.446638402361e-01
   2.797244857218e-01   3.524971093324e-01
   2.859405854045e-01   3.603303784286e-01
   2.921566850872e-01   3.681636475249e-01
   2.983727847699e-01   3.759969166212e-01
   3.045888844526e-01   3.838301857175e-01
   1.891058070538e-01   2.945148446828e-01
   1.945088301125e-01   3.029295545308e-01
   1.999118531712e-01   3.113442643789e-01
   2.053148762299e-01   3.197589742270e-01
   2.107178992886e-01   3.281736840751e-01
   2.161209223473e-01   3.365883939232e-01
   2.215239454059e-01   3.450031037712e-01
   2.269269684646e-01   3.534178136193e-01
   2.323299915233e-01   3.618325234674e-01
   2.377330145820e-01   3.702472333155e-01
   2.431360376407e-01   3.786619431636e-01
   2.485390606993e-01   3.870766530116e-01
   2.539420837580e-01   3.954913628597e-01
   2.593451068167e-01   4.039060727078e-01
   2.647481298754e-01   4.123207825559e-01
   1.587586424990e-01   3.119225760215e-01
   1.632946037132e-01   3.208346496221e-01
   1.678305649275e-01   3.297467232227e-01
   1.723665261417e-01   3.386587968233e-01
   1.769024873560e-01   3.475708704240e-01
   1.814384485702e-01   3.564829440246e-01
   1.859744097845e-01   3.653950176252e-01
   1.905103709987e-01   3.743070912258e-01
   1.950463322130e-01   3.832191648264e-01
   1.995822934273e-01   3.921312384270e-01
   2.041182546415e-01   4.010433120276e-01
   2.086542158558e-01   4.099553856283e-01
   2.131901770700e-01   4.188674592289e-01
   2.177261382843e-01   4.277795328295e-01
   2.222620994985e-01   4.366916064301e-01
   1.268252140668e-01   3.262136800885e-01
   1.304487916116e-01   3.355340709482e-01
   1.340723691564e-01   3.448544618079e-01
   1.376959467011e-01   3.541748526675e-01
   1.413195242459e-01   3.634952435272e-01
   1.449431017907e-01   3.728156343869e-01
   1.485666793354e-01   3.821360252466e-01
   1.521902568802e-01   3.914564161062e-01
   1.558138344250e-01   4.007768069659e-01
   1.594374119697e-01   4.100971978256e-01
   1.630609895145e-01   4.194175886853e-01
   1.666845670593e-01   4.287379795449e-01
   1.703081446040e-01   4.380583704046e-01
   1.739317221488e-01   4.473787612643e-01
   1.775552996936e-01   4.566991521239e-01
   9.362459001861e-02   3.372453648960e-01
   9.629957830485e-02   3.468809467502e-01
   9.897456659110e-02   3.565165286044e-01
   1.016495548773e-01   3.661521104585e-01
   1.043245431636e-01   3.757876923127e-01
   1.069995314498e-01   3.854232741669e-01
   1.096745197361e-01   3.950588560210e-01
   1.123495080223e-01   4.046944378752e-01
   1.150244963086e-01   4.143300197294e-01
   1.176994845948e-01   4.239656015836e-01
   1.203744728811e-01   4.336011834377e-01
   1.230494611673e-01   4.432367652919e-01
   1.257244494536e-01   4.528723471461e-01
   1.283994377398e-01   4.625079290003e-01
   1.310744260260e-01   4.721435108544e-01
   5.948850001508e-02   3.449074054960e-01
   6.118817144409e-02   3.547619027958e-01
   6.288784287309e-02   3.646164000957e-01
   6.458751430209e-02   3.744708973956e-01
   6.628718573109e-02   3.843253946955e-01
   6.798685716010e-02   3.941798919954e-01
   6.968652858910e-02   4.040343892953e-01
   7.138620001810e-02   4.138888865952e-01
   7.308587144710e-02   4.237433838950e-01
   7.478554287611e-02   4.335978811949e-01
   7.648521430511e-02   4.434523784948e-01
   7.818488573411e-02   4.533068757947e-01
   7.988455716311e-02   4.631613730946e-01
   8.158422859212e-02   4.730158703945e-01
   8.328390002112e-02   4.828703676943e-01
   2.475802058370e-02   3.491232453114e-01
   2.546539260037e-02   3.590981951775e-01
   2.617276461705e-02   3.690731450435e-01
   2.688013663373e-02   3.790480949095e-01
   2.758750865040e-02   3.890230447756e-01
   2.829488066708e-02   3.989979946416e-01
   2.900225268376e-02   4.089729445077e-01
   2.970962470044e-02   4.189478943737e-01
   3.041699671711e-02   4.289228442397e-01
   3.112436873379e-02   4.388977941058e-01
   3.183174075047e-02   4.488727439718e-01
   3.253911276714e-02   4.588476938379e-01
   3.324648478382e-02   4.688226437039e-01
   3.395385680050e-02   4.787975935699e-01
   3.466122881717e-02   4.887725434360e-01
  -1.021983280545e-02   3.498507610645e-01
  -1.051182802846e-02   3.598464970949e-01
  -1.080382325148e-02   3.698422331254e-01
  -1.109581847449e-02   3.798379691558e-01
  -1.138781369750e-02   3.898337051862e-01
  -1.167980892052e-02   3.998294412166e-01
  -1.197180414353e-02   4.098251772470e-01
  -1.226379936654e-02   4.198209132774e-01
  -1.255579458955e-02   4.298166493078e-01
  -1.284778981257e-02   4.398123853383e-01
  -1.313978503558e-02   4.498081213687e-01
  -1.343178025859e-02   4.598038573991e-01
  -1.372377548161e-02   4.697995934295e-01
  -1.401577070462e-02   4.797953294599e-01
  -1.430776592763e-02   4.897910654903e-01
  -4.509557300343e-02   3.470826836584e-01
  -4.638401794639e-02   3.569993317629e-01
  -4.767246288934e-02   3.669159798674e-01
  -4.896090783230e-02   3.768326279719e-01
  -5.024935277525e-02   3.867492760765e-01
  -5.153779771821e-02   3.966659241810e-01
  -5.282624266117e-02   4.065825722855e-01
  -5.411468760412e-02   4.164992203900e-01
  -5.540313254708e-02   4.264158684946e-01
  -5.669157749003e-02   4.363325165991e-01
  -5.798002243299e-02   4.462491647036e-01
  -5.926846737594e-02   4.561658128081e-01
  -6.055691231890e-02   4.660824609127e-01
  -6.184535726185e-02   4.759991090172e-01
  -6.313380220481e-02   4.859157571217e-01
  -7.952073314258e-02   3.408466708074e-01
  -8.179275408951e-02   3.505851471162e-01
  -8.406477503644e-02   3.603236234249e-01
  -8.633679598337e-02   3.700620997337e-01
  -8.860881693030e-02   3.798005760425e-01
  -9.088083787724e-02   3.895390523513e-01
  -9.315285882417e-02   3.992775286601e-01
  -9.542487977110e-02   4.090160049688e-01
  -9.769690071803e-02   4.187544812776e-01
  -9.996892166496e-02   4.284929575864e-01
  -1.022409426119e-01   4.382314338952e-01
  -1.045129635588e-01   4.479699102040e-01
  -1.067849845058e-01   4.577083865128e-01
  -1.090570054527e-01   4.674468628215e-01
  -1.113290263996e-01   4.771853391303e-01
  -1.131513484022e-01   3.312050306906e-01
  -1.163842440709e-01   3.406680315675e-01
  -1.196171397395e-01   3.501310324443e-01
  -1.228500354081e-01   3.595940333212e-01
  -1.260829310768e-01   3.690570341981e-01
  -1.293158267454e-01   3.785200350750e-01
  -1.325487224140e-01   3.879830359518e-01
  -1.357816180827e-01   3.974460368287e-01
  -1.390145137513e-01   4.069090377056e-01
  -1.422474094199e-01   4.163720385825e-01
  -1.454803050886e-01   4.258350394593e-01
  -1.487132007572e-01   4.352980403362e-01
  -1.519460964258e-01   4.447610412131e-01
  -1.551789920945e-01   4.542240420900e-01
  -1.584118877631e-01   4.636870429668e-01
  -1.456513927915e-01   3.182540993890e-01
  -1.498128611570e-01   3.273470736572e-01
  -1.539743295224e-01   3.364400479255e-01
  -1.581357978879e-01   3.455330221938e-01
  -1.622972662534e-01   3.546259964620e-01
  -1.664587346189e-01   3.637189707303e-01
  -1.706202029843e-01   3.728119449985e-01
  -1.747816713498e-01   3.819049192668e-01
  -1.789431397153e-01   3.909978935350e-01
  -1.831046080807e-01   4.000908678033e-01
  -1.872660764462e-01   4.091838420716e-01
  -1.914275448117e-01   4.182768163398e-01
  -1.955890131772e-01   4.273697906081e-01
  -1.997504815426e-01   4.364627648763e-01
  -2.039119499081e-01   4.455557391446e-01
  -1.766961366100e-01   3.021232783271e-01
  -1.817445976559e-01   3.107553719936e-01
  -1.867930587019e-01   3.193874656601e-01
  -1.918415197479e-01   3.280195593266e-01
  -1.968899807939e-01   3.366516529931e-01
  -2.019384418399e-01   3.452837466595e-01
  -2.069869028859e-01   3.539158403260e-01
  -2.120353639319e-01   3.625479339925e-01
  -2.170838249779e-01   3.711800276590e-01
  -2.221322860239e-01   3.798121213255e-01
  -2.271807470699e-01   3.884442149920e-01
  -2.322292081159e-01   3.970763086585e-01
  -2.372776691619e-01   4.057084023250e-01
  -2.423261302079e-01   4.143404959915e-01
  -2.473745912539e-01   4.229725896579e-01
  -2.059753910394e-01   2.829737413369e-01
  -2.118604022119e-01   2.910587053751e-01
  -2.177454133845e-01   2.991436694132e-01
  -2.236304245570e-01   3.072286334514e-01
  -2.295154357296e-01   3.153135974896e-01
  -2.354004469021e-01   3.233985615278e-01
  -2.412854580747e-01   3.314835255660e-01
  -2.471704692472e-01   3.395684896042e-01
  -2.530554804198e-01   3.476534536424e-01
  -2.589404915924e-01   3.557384176806e-01
  -2.648255027649e-01   3.638233817188e-01
  -2.707105139375e-01   3.719083457570e-01
  -2.765955251100e-01   3.799933097952e-01
  -2.824805362826e-01   3.880782738334e-01
  -2.883655474551e-01   3.961632378716e-01
  -2.331966074479e-01   2.609968242619e-01
  -2.398593676607e-01   2.684538763836e-01
  -2.465221278735e-01   2.759109285054e-01
  -2.531848880863e-01   2.833679806272e-01
  -2.598476482991e-01   2.908250327489e-01
  -2.665104085119e-01   2.982820848707e-01
  -2.731731687247e-01   3.057391369925e-01
  -2.798359289375e-01   3.131961891142e-01
  -2.864986891503e-01   3.206532412360e-01
  -2.931614493631e-01   3.281102933578e-01
  -2.998242095759e-01   3.355673454795e-01
  -3.064869697887e-01   3.430243976013e-01
  -3.131497300015e-01   3.504814497231e-01
  -3.198124902143e-01   3.579385018448e-01
  -3.264752504271e-01   3.653955539666e-01
  -2.580878004394e-01   2.364121131929e-01
  -2.654617375948e-01   2.431667449984e-01
  -2.728356747503e-01   2.499213768039e-01
  -2.802096119057e-01   2.566760086094e-01
  -2.875835490611e-01   2.634306404149e-01
  -2.949574862165e-01   2.701852722205e-01
  -3.023314233719e-01   2.769399040260e-01
  -3.097053605273e-01   2.836945358315e-01
  -3.170792976827e-01   2.904491676370e-01
  -3.244532348381e-01   2.972037994425e-01
  -3.318271719936e-01   3.039584312480e-01
  -3.392011091490e-01   3.107130630535e-01
  -3.465750463044e-01   3.174676948590e-01
  -3.539489834598e-01   3.242223266646e-01
  -3.613229206152e-01   3.309769584701e-01
  -2.804002654414e-01   2.094652504364e-01
  -2.884117015969e-01   2.154499718774e-01
  -2.964231377524e-01   2.214346933185e-01
  -3.044345739078e-01   2.274194147595e-01
  -3.124460100633e-01   2.334041362005e-01
  -3.204574462188e-01   2.393888576416e-01
  -3.284688823742e-01   2.453735790826e-01
  -3.364803185297e-01   2.513583005237e-01
  -3.444917546852e-01   2.573430219647e-01
  -3.525031908407e-01   2.633277434057e-01
  -3.605146269961e-01   2.693124648468e-01
  -3.685260631516e-01   2.752971862878e-01
  -3.765374993071e-01   2.812819077289e-01
  -3.845489354625e-01   2.872666291699e-01
  -3.925603716180e-01   2.932513506109e-01
  -2.999110636791e-01   1.804254801375e-01
  -3.084799512128e-01   1.855804938557e-01
  -3.170488387465e-01   1.907355075739e-01
  -3.256177262802e-01   1.958905212922e-01
  -3.341866138139e-01   2.010455350104e-01
  -3.427555013476e-01   2.062005487286e-01
  -3.513243888813e-01   2.113555624468e-01
  -3.598932764150e-01   2.165105761650e-01
  -3.684621639486e-01   2.216655898832e-01
  -3.770310514823e-01   2.268206036014e-01
  -3.855999390160e-01   2.319756173197e-01
  -3.941688265497e-01   2.371306310379e-01
  -4.027377140834e-01   2.422856447561e-01
  -4.113066016171e-01   2.474406584743e-01
  -4.198754891508e-01   2.525956721925e-01
  -3.164252497060e-01   1.495829580818e-01
  -3.254659711261e-01   1.538567568842e-01
  -3.345066925463e-01   1.581305556865e-01
  -3.435474139665e-01   1.624043544889e-01
  -3.525881353867e-01   1.666781532912e-01
  -3.616288568068e-01   1.709519520935e-01
  -3.706695782270e-01   1.752257508959e-01
  -3.797102996472e-01   1.794995496982e-01
  -3.887510210673e-01   1.837733485005e-01
  -3.977917424875e-01   1.880471473029e-01
  -4.068324639077e-01   1.923209461052e-01
  -4.158731853278e-01   1.965947449076e-01
  -4.249139067480e-01   2.008685437099e-01
  -4.339546281682e-01   2.051423425122e-01
  -4.429953495884e-01   2.094161413146e-01
  -3.297778192340e-01   1.172458525546e-01
  -3.392000426407e-01   1.205957340561e-01
  -3.486222660474e-01   1.239456155577e-01
  -3.580444894541e-01   1.272954970592e-01
  -3.674667128608e-01   1.306453785608e-01
  -3.768889362675e-01   1.339952600624e-01
  -3.863111596742e-01   1.373451415639e-01
  -3.957333830808e-01   1.406950230655e-01
  -4.051556064875e-01   1.440449045670e-01
  -4.145778298942e-01   1.473947860686e-01
  -4.240000533009e-01   1.507446675702e-01
  -4.334222767076e-01   1.540945490717e-01
  -4.428445001143e-01   1.574444305733e-01
  -4.522667235210e-01   1.607943120748e-01
  -4.616889469276e-01   1.641441935764e-01
  -3.398353578024e-01   8.373726522489e-02
  -3.495449394539e-01   8.612975851703e-02
  -3.592545211053e-01   8.852225180917e-02
  -3.689641027568e-01   9.091474510131e-02
  -3.786736844083e-01   9.330723839345e-02
  -3.883832660598e-01   9.569973168559e-02
  -3.980928477113e-01   9.809222497773e-02
  -4.078024293628e-01   1.004847182699e-01
  -4.175120110143e-01   1.028772115620e-01
  -4.272215926658e-01   1.052697048542e-01
  -4.369311743173e-01   1.076621981463e-01
  -4.466407559688e-01   1.100546914384e-01
  -4.563503376203e-01   1.124471847306e-01
  -4.660599192718e-01   1.148396780227e-01
  -4.757695009233e-01   1.172321713149e-01
  -3.464973738102e-01   4.939200282095e-02
  -3.563972987762e-01   5.080320290155e-02
  -3.662972237422e-01   5.221440298215e-02
  -3.761971487082e-01   5.362560306275e-02
  -3.860970736742e-01   5.503680314335e-02
  -3.959969986402e-01   5.644800322395e-02
  -4.058969236062e-01   5.785920330455e-02
  -4.157968485722e-01   5.927040338514e-02
  -4.256967735382e-01   6.068160346574e-02
  -4.355966985042e-01   6.209280354634e-02
  -4.454966234702e-01   6.350400362694e-02
  -4.553965484362e-01   6.491520370754e-02
  -4.652964734022e-01   6.632640378814e-02
  -4.751963983682e-01   6.773760386874e-02
  -4.850963233342e-01   6.914880394933e-02
  -3.496973025956e-01   1.455323185165e-02
  -3.596886540984e-01   1.496903847598e-02
  -3.696800056011e-01   1.538484510032e-02
  -3.796713571038e-01   1.580065172465e-02
  -3.896627086066e-01   1.621645834898e-02
  -3.996540601093e-01   1.663226497332e-02
  -4.096454116120e-01   1.704807159765e-02
  -4.196367631148e-01   1.746387822198e-02
  -4.296281146175e-01   1.787968484631e-02
  -4.396194661202e-01   1.829549147065e-02
  -4.496108176230e-01   1.871129809498e-02
  -4.596021691257e-01   1.912710471931e-02
  -4.695935206284e-01   1.954291134365e-02
  -4.795848721312e-01   1.995871796798e-02
  -4.895762236339e-01   2.037452459231e-02
  -3.494031715282e-01  -2.043095019965e-02
  -3.593861192861e-01  -2.101469163393e-02
  -3.693690670441e-01  -2.159843306821e-02
  -3.793520148020e-01  -2.218217450248e-02
  -3.893349625600e-01  -2.276591593676e-02
  -3.993179103179e-01  -2.334965737103e-02
  -4.093008580758e-01  -2.393339880531e-02
  -4.192838058338e-01  -2.451714023958e-02
  -4.292667535917e-01  -2.510088167386e-02
  -4.392497013497e-01  -2.568462310814e-02
  -4.492326491076e-01  -2.626836454241e-02
  -4.592155968656e-01  -2.685210597669e-02
  -4.691985446235e-01  -2.743584741096e-02
  -4.791814923815e-01  -2.801958884524e-02
  -4.891644401394e-01  -2.860333027951e-02
  -3.456179194681e-01  -5.521099295014e-02
  -3.554927171672e-01  -5.678844989157e-02
  -3.653675148663e-01  -5.836590683300e-02
  -3.752423125654e-01  -5.994336377443e-02
  -3.851171102645e-01  -6.152082071587e-02
  -3.949919079635e-01  -6.309827765730e-02
  -4.048667056626e-01  -6.467573459873e-02
  -4.147415033617e-01  -6.625319154016e-02
  -4.246163010608e-01  -6.783064848160e-02
  -4.344910987599e-01  -6.940810542303e-02
  -4.443658964590e-01  -7.098556236446e-02
  -4.542406941581e-01  -7.256301930589e-02
  -4.641154918572e-01  -7.414047624733e-02
  -4.739902895563e-01  -7.571793318876e-02
  -4.838650872553e-01  -7.729539013019e-02
  -3.383793674028e-01  -8.943938570939e-02
  -3.480473493286e-01  -9.199479672966e-02
  -3.577153312544e-01  -9.455020774993e-02
  -3.673833131802e-01  -9.710561877020e-02
  -3.770512951060e-01  -9.966102979046e-02
  -3.867192770318e-01  -1.022164408107e-01
  -3.963872589576e-01  -1.047718518310e-01
  -4.060552408834e-01  -1.073272628513e-01
  -4.157232228092e-01  -1.098826738715e-01
  -4.253912047350e-01  -1.124380848918e-01
  -4.350591866608e-01  -1.149934959121e-01
  -4.447271685866e-01  -1.175489069323e-01
  -4.543951505123e-01  -1.201043179526e-01
  -4.640631324381e-01  -1.226597289729e-01
  -4.737311143639e-01  -1.252151399931e-01
  -3.277598405518e-01  -1.227741296914e-01
  -3.371244074247e-01  -1.262819619683e-01
  -3.464889742976e-01  -1.297897942452e-01
  -3.558535411705e-01  -1.332976265221e-01
  -3.652181080434e-01  -1.368054587990e-01
  -3.745826749163e-01  -1.403132910758e-01
  -3.839472417892e-01  -1.438211233527e-01
  -3.933118086621e-01  -1.473289556296e-01
  -4.026763755350e-01  -1.508367879065e-01
  -4.120409424080e-01  -1.543446201834e-01
  -4.214055092809e-01  -1.578524524603e-01
  -4.307700761538e-01  -1.613602847372e-01
  -4.401346430267e-01  -1.648681170141e-01
  -4.494992098996e-01  -1.683759492910e-01
  -4.588637767725e-01  -1.718837815679e-01
  -3.138654457170e-01  -1.548821551532e-01
  -3.228330298803e-01  -1.593073595861e-01
  -3.318006140436e-01  -1.637325640191e-01
  -3.407681982070e-01  -1.681577684520e-01
  -3.497357823703e-01  -1.725829728850e-01
  -3.587033665337e-01  -1.770081773179e-01
  -3.676709506970e-01  -1.814333817509e-01
  -3.766385348603e-01  -1.858585861838e-01
  -3.856061190237e-01  -1.902837906168e-01
  -3.945737031870e-01  -1.947089950497e-01
  -4.035412873504e-01  -1.991341994827e-01
  -4.125088715137e-01  -2.035594039156e-01
  -4.214764556770e-01  -2.079846083486e-01
  -4.304440398404e-01  -2.124098127815e-01
  -4.394116240037e-01  -2.168350172145e-01
  -2.968350110986e-01  -1.854426493180e-01
  -3.053160114157e-01  -1.907410107271e-01
  -3.137970117329e-01  -1.960393721361e-01
  -3.222780120500e-01  -2.013377335452e-01
  -3.307590123671e-01  -2.066360949543e-01
  -3.392400126842e-01  -2.119344563634e-01
  -3.477210130013e-01  -2.172328177725e-01
  -3.562020133184e-01  -2.225311791816e-01
  -3.646830136355e-01  -2.278295405907e-01
  -3.731640139526e-01  -2.331279019997e-01
  -3.816450142697e-01  -2.384262634088e-01
  -3.901260145868e-01  -2.437246248179e-01
  -3.986070149039e-01  -2.490229862270e-01
  -4.070880152210e-01  -2.543213476361e-01
  -4.155690155381e-01  -2.596197090452e-01
  -2.768386991700e-01  -2.141502618300e-01
  -2.847483762892e-01  -2.202688407394e-01
  -2.926580534083e-01  -2.263874196488e-01
  -3.005677305275e-01  -2.325059985582e-01
  -3.084774076466e-01  -2.386245774677e-01
  -3.163870847658e-01  -2.447431563771e-01
  -3.242967618849e-01  -2.508617352865e-01
  -3.322064390041e-01  -2.569803141959e-01
  -3.401161161232e-01  -2.630988931054e-01
  -3.480257932423e-01  -2.692174720148e-01
  -3.559354703615e-01  -2.753360509242e-01
  -3.638451474806e-01  -2.814546298337e-01
  -3.717548245998e-01  -2.875732087431e-01
  -3.796645017189e-01  -2.936917876525e-01
  -3.875741788381e-01  -2.998103665619e-01
  -2.540763064700e-01  -2.407181557144e-01
  -2.613356295120e-01  -2.475958173062e-01
  -2.685949525541e-01  -2.544734788981e-01
  -2.758542755961e-01  -2.613511404899e-01
  -2.831135986381e-01  -2.682288020818e-01
  -2.903729216801e-01  -2.751064636736e-01
  -2.976322447221e-01  -2.819841252654e-01
  -3.048915677641e-01  -2.888617868573e-01
  -3.121508908061e-01  -2.957394484491e-01
  -3.194102138481e-01  -3.026171100409e-01
  -3.266695368901e-01  -3.094947716328e-01
  -3.339288599321e-01  -3.163724332246e-01
  -3.411881829741e-01  -3.232500948165e-01
  -3.484475060161e-01  -3.301277564083e-01
  -3.557068290581e-01  -3.370054180001e-01
  -2.287752673023e-01  -2.648808733578e-01
  -2.353117035109e-01  -2.724488983109e-01
  -2.418481397195e-01  -2.800169232639e-01
  -2.483845759282e-01  -2.875849482170e-01
  -2.549210121368e-01  -2.951529731701e-01
  -2.614574483454e-01  -3.027209981232e-01
  -2.679938845541e-01  -3.102890230763e-01
  -2.745303207627e-01  -3.178570480293e-01
  -2.810667569714e-01  -3.254250729824e-01
  -2.876031931800e-01  -3.329930979355e-01
  -2.941396293886e-01  -3.405611228886e-01
  -3.006760655973e-01  -3.481291478416e-01
  -3.072125018059e-01  -3.556971727947e-01
  -3.137489380145e-01  -3.632651977478e-01
  -3.202853742232e-01  -3.708332227009e-01
  -2.011883812866e-01  -2.863969888725e-01
  -2.069366207520e-01  -2.945797599832e-01
  -2.126848602173e-01  -3.027625310938e-01
  -2.184330996826e-01  -3.109453022045e-01
  -2.241813391480e-01  -3.191280733151e-01
  -2.299295786133e-01  -3.273108444258e-01
  -2.356778180786e-01  -3.354936155364e-01
  -2.414260575440e-01  -3.436763866471e-01
  -2.471742970093e-01  -3.518591577577e-01
  -2.529225364746e-01  -3.600419288683e-01
  -2.586707759400e-01  -3.682246999790e-01
  -2.644190154053e-01  -3.764074710896e-01
  -2.701672548706e-01  -3.845902422003e-01
  -2.759154943360e-01  -3.927730133109e-01
  -2.816637338013e-01  -4.009557844216e-01
  -1.715912874692e-01  -3.050515203448e-01
  -1.764938956827e-01  -3.137672780689e-01
  -1.813965038961e-01  -3.224830357930e-01
  -1.862991121095e-01  -3.311987935172e-01
  -1.912017203229e-01  -3.399145512413e-01
  -1.961043285363e-01  -3.486303089654e-01
  -2.010069367497e-01  -3.573460666896e-01
  -2.059095449631e-01  -3.660618244137e-01
  -2.108121531765e-01  -3.747775821378e-01
  -2.157147613899e-01  -3.834933398620e-01
  -2.206173696033e-01  -3.922090975861e-01
  -2.255199778167e-01  -4.009248553103e-01
  -2.304225860301e-01  -4.096406130344e-01
  -2.353251942435e-01  -4.183563707585e-01
  -2.402278024569e-01  -4.270721284827e-01
  -1.402797102280e-01  -3.206580778623e-01
  -1.442877019488e-01  -3.298197372298e-01
  -1.482956936696e-01  -3.389813965973e-01
  -1.523036853904e-01  -3.481430559648e-01
  -1.563116771112e-01  -3.573047153323e-01
  -1.603196688320e-01  -3.664663746998e-01
  -1.643276605528e-01  -3.756280340673e-01
  -1.683356522736e-01  -3.847896934348e-01
  -1.723436439944e-01  -3.939513528023e-01
  -1.763516357152e-01  -4.031130121698e-01
  -1.803596274360e-01  -4.122746715373e-01
  -1.843676191568e-01  -4.214363309047e-01
  -1.883756108776e-01  -4.305979902722e-01
  -1.923836025984e-01  -4.397596496397e-01
  -1.963915943192e-01  -4.489213090072e-01
  -1.075665044924e-01  -3.330607258613e-01
  -1.106398331922e-01  -3.425767466002e-01
  -1.137131618920e-01  -3.520927673391e-01
  -1.167864905918e-01  -3.616087880780e-01
  -1.198598192916e-01  -3.711248088169e-01
  -1.229331479914e-01  -3.806408295558e-01
  -1.260064766912e-01  -3.901568502947e-01
  -1.290798053909e-01  -3.996728710336e-01
  -1.321531340907e-01  -4.091888917725e-01
  -1.352264627905e-01  -4.187049125114e-01
  -1.382997914903e-01  -4.282209332503e-01
  -1.413731201901e-01  -4.377369539892e-01
  -1.444464488899e-01  -4.472529747281e-01
  -1.475197775896e-01  -4.567689954670e-01
  -1.505931062894e-01  -4.662850162059e-01
  -7.377852980077e-02  -3.421355411828e-01
  -7.588648779508e-02  -3.519108423594e-01
  -7.799444578939e-02  -3.616861435361e-01
  -8.010240378370e-02  -3.714614447127e-01
  -8.221036177800e-02  -3.812367458894e-01
  -8.431831977231e-02  -3.910120470660e-01
  -8.642627776662e-02  -4.007873482427e-01
  -8.853423576093e-02  -4.105626494193e-01
  -9.064219375524e-02  -4.203379505960e-01
  -9.275015174954e-02  -4.301132517726e-01
  -9.485810974385e-02  -4.398885529493e-01
  -9.696606773816e-02  -4.496638541259e-01
  -9.907402573247e-02  -4.594391553026e-01
  -1.011819837268e-01  -4.692144564792e-01
  -1.032899417211e-01  -4.789897576559e-01
  -3.925338442727e-02  -3.477918512717e-01
  -4.037490969662e-02  -3.577287613080e-01
  -4.149643496597e-02  -3.676656713444e-01
  -4.261796023532e-02  -3.776025813807e-01
  -4.373948550467e-02  -3.875394914171e-01
  -4.486101077402e-02  -3.974764014534e-01
  -4.598253604337e-02  -4.074133114897e-01
  -4.710406131272e-02  -4.173502215261e-01
  -4.822558658207e-02  -4.272871315624e-01
  -4.934711185142e-02  -4.372240415987e-01
  -5.046863712077e-02  -4.471609516351e-01
  -5.159016239013e-02  -4.570978616714e-01
  -5.271168765948e-02  -4.670347717077e-01
  -5.383321292883e-02  -4.769716817441e-01
  -5.495473819818e-02  -4.869085917804e-01
  -4.336032212012e-03  -3.499731401474e-01
  -4.459918846641e-03  -3.599723727231e-01
  -4.583805481270e-03  -3.699716052987e-01
  -4.707692115899e-03  -3.799708378744e-01
  -4.831578750528e-03  -3.899700704500e-01
  -4.955465385157e-03  -3.999693030256e-01
  -5.079352019785e-03  -4.099685356013e-01
  -5.203238654414e-03  -4.199677681769e-01
  -5.327125289043e-03  -4.299670007526e-01
  -5.451011923672e-03  -4.399662333282e-01
  -5.574898558301e-03  -4.499654659038e-01
  -5.698785192930e-03  -4.599646984795e-01
  -5.822671827559e-03  -4.699639310551e-01
  -5.946558462188e-03  -4.799631636308e-01
  -6.070445096817e-03  -4.899623962064e-01
   3.062464420381e-02  -3.486576130925e-01
   3.149963403820e-02  -3.586192591809e-01
   3.237462387259e-02  -3.685809052693e-01
   3.324961370699e-02  -3.785425513576e-01
   3.412460354138e-02  -3.885041974460e-01
   3.499959337578e-02  -3.984658435343e-01
   3.587458321017e-02  -4.084274896227e-01
   3.674957304457e-02  -4.183891357111e-01
   3.762456287896e-02  -4.283507817994e-01
   3.849955271336e-02  -4.383124278878e-01
   3.937454254775e-02  -4.482740739761e-01
   4.024953238214e-02  -4.582357200645e-01
   4.112452221654e-02  -4.681973661528e-01
   4.199951205093e-02  -4.781590122412e-01
   4.287450188533e-02  -4.881206583296e-01
   6.527932929790e-02  -3.438584144185e-01
   6.714445299213e-02  -3.536829405448e-01
   6.900957668635e-02  -3.635074666710e-01
   7.087470038058e-02  -3.733319927972e-01
   7.273982407480e-02  -3.831565189235e-01
   7.460494776903e-02  -3.929810450497e-01
   7.647007146326e-02  -4.028055711760e-01
   7.833519515748e-02  -4.126300973022e-01
   8.020031885171e-02  -4.224546234285e-01
   8.206544254593e-02  -4.322791495547e-01
   8.393056624016e-02  -4.421036756809e-01
   8.579568993438e-02  -4.519282018072e-01
   8.766081362861e-02  -4.617527279334e-01
   8.952593732284e-02  -4.715772540597e-01
   9.139106101706e-02  -4.814017801859e-01
   9.928176491213e-02  -3.356234961321e-01
   1.021183867668e-01  -3.452127388787e-01
   1.049550086214e-01  -3.548019816254e-01
   1.077916304760e-01  -3.643912243720e-01
   1.106282523307e-01  -3.739804671186e-01
   1.134648741853e-01  -3.835697098653e-01
   1.163014960399e-01  -3.931589526119e-01
   1.191381178946e-01  -4.027481953585e-01
   1.219747397492e-01  -4.123374381051e-01
   1.248113616038e-01  -4.219266808518e-01
   1.276479834585e-01  -4.315159235984e-01
   1.304846053131e-01  -4.411051663450e-01
   1.333212271677e-01  -4.506944090917e-01
   1.361578490223e-01  -4.602836518383e-01
   1.389944708770e-01  -4.698728945849e-01
   1.322922099495e-01  -3.240351388147e-01
   1.360719873767e-01  -3.332932856380e-01
   1.398517648038e-01  -3.425514324613e-01
   1.436315422309e-01  -3.518095792845e-01
   1.474113196581e-01  -3.610677261078e-01
   1.511910970852e-01  -3.703258729311e-01
   1.549708745123e-01  -3.795840197544e-01
   1.587506519395e-01  -3.888421665776e-01
   1.625304293666e-01  -3.981003134009e-01
   1.663102067937e-01  -4.073584602242e-01
   1.700899842208e-01  -4.166166070475e-01
   1.738697616480e-01  -4.258747538708e-01
   1.776495390751e-01  -4.351329006940e-01
   1.814293165022e-01  -4.443910475173e-01
   1.852090939294e-01  -4.536491943406e-01
   1.639808349551e-01  -3.092091295021e-01
   1.686660016681e-01  -3.180436760593e-01
   1.733511683811e-01  -3.268782226165e-01
   1.780363350941e-01  -3.357127691737e-01
   1.827215018071e-01  -3.445473157309e-01
   1.874066685201e-01  -3.533818622881e-01
   1.920918352332e-01  -3.622164088453e-01
   1.967770019462e-01  -3.710509554025e-01
   2.014621686592e-01  -3.798855019597e-01
   2.061473353722e-01  -3.887200485169e-01
   2.108325020852e-01  -3.975545950741e-01
   2.155176687982e-01  -4.063891416313e-01
   2.202028355112e-01  -4.152236881885e-01
   2.248880022242e-01  -4.240582347457e-01
   2.295731689372e-01  -4.328927813029e-01
   1.940310176627e-01  -2.912936047784e-01
   1.995747610245e-01  -2.996162792006e-01
   2.051185043863e-01  -3.079389536228e-01
   2.106622477481e-01  -3.162616280451e-01
   2.162059911099e-01  -3.245843024673e-01
   2.217497344717e-01  -3.329069768896e-01
   2.272934778335e-01  -3.412296513118e-01
   2.328372211952e-01  -3.495523257340e-01
   2.383809645570e-01  -3.578750001563e-01
   2.439247079188e-01  -3.661976745785e-01
   2.494684512806e-01  -3.745203490008e-01
   2.550121946424e-01  -3.828430234230e-01
   2.605559380042e-01  -3.911656978452e-01
   2.660996813660e-01  -3.994883722675e-01
   2.716434247278e-01  -4.078110466897e-01
   2.221425065799e-01  -2.704675706446e-01
   2.284894353393e-01  -2.781952155202e-01
   2.348363640988e-01  -2.859228603957e-01
   2.411832928582e-01  -2.936505052713e-01
   2.475302216176e-01  -3.013781501468e-01
   2.538771503771e-01  -3.091057950224e-01
   2.602240791365e-01  -3.168334398980e-01
   2.665710078959e-01  -3.245610847735e-01
   2.729179366553e-01  -3.322887296491e-01
   2.792648654148e-01  -3.400163745246e-01
   2.856117941742e-01  -3.477440194002e-01
   2.919587229336e-01  -3.554716642758e-01
   2.983056516930e-01  -3.631993091513e-01
   3.046525804525e-01  -3.709269540269e-01
   3.109995092119e-01  -3.786545989024e-01
   2.480344210019e-01  -2.469391139496e-01
   2.551211187449e-01  -2.539945172053e-01
   2.622078164878e-01  -2.610499204610e-01
   2.692945142307e-01  -2.681053237167e-01
   2.763812119736e-01  -2.751607269725e-01
   2.834679097165e-01  -2.822161302282e-01
   2.905546074594e-01  -2.892715334839e-01
   2.976413052023e-01  -2.963269367396e-01
   3.047280029452e-01  -3.033823399953e-01
   3.118147006882e-01  -3.104377432510e-01
   3.189013984311e-01  -3.174931465067e-01
   3.259880961740e-01  -3.245485497624e-01
   3.330747939169e-01  -3.316039530181e-01
   3.401614916598e-01  -3.386593562738e-01
   3.472481894027e-01  -3.457147595295e-01
   2.714480574786e-01  -2.209433232553e-01
   2.792037162637e-01  -2.272559896340e-01
   2.869593750488e-01  -2.335686560128e-01
   2.947150338339e-01  -2.398813223915e-01
   3.024706926190e-01  -2.461939887702e-01
   3.102263514041e-01  -2.525066551489e-01
   3.179820101892e-01  -2.588193215277e-01
   3.257376689743e-01  -2.651319879064e-01
   3.334933277594e-01  -2.714446542851e-01
   3.412489865445e-01  -2.777573206638e-01
   3.490046453296e-01  -2.840699870425e-01
   3.567603041147e-01  -2.903826534213e-01
   3.645159628998e-01  -2.966953198000e-01
   3.722716216849e-01  -3.030079861787e-01
   3.800272804700e-01  -3.093206525574e-01
   2.921494746937e-01  -1.927399399092e-01
   3.004966025421e-01  -1.982467953352e-01
   3.088437303905e-01  -2.037536507611e-01
   3.171908582389e-01  -2.092605061871e-01
   3.255379860873e-01  -2.147673616131e-01
   3.338851139357e-01  -2.202742170391e-01
   3.422322417841e-01  -2.257810724650e-01
   3.505793696324e-01  -2.312879278910e-01
   3.589264974808e-01  -2.367947833170e-01
   3.672736253292e-01  -2.423016387430e-01
   3.756207531776e-01  -2.478084941689e-01
   3.839678810260e-01  -2.533153495949e-01
   3.923150088744e-01  -2.588222050209e-01
   4.006621367228e-01  -2.643290604469e-01
   4.090092645712e-01  -2.698359158728e-01
   3.099318309295e-01  -1.626107627948e-01
   3.187870260989e-01  -1.672567845890e-01
   3.276422212683e-01  -1.719028063831e-01
   3.364974164377e-01  -1.765488281772e-01
   3.453526116071e-01  -1.811948499714e-01
   3.542078067765e-01  -1.858408717655e-01
   3.630630019459e-01  -1.904868935596e-01
   3.719181971154e-01  -1.951329153538e-01
   3.807733922848e-01  -1.997789371479e-01
   3.896285874542e-01  -2.044249589421e-01
   3.984837826236e-01  -2.090709807362e-01
   4.073389777930e-01  -2.137170025303e-01
   4.161941729624e-01  -2.183630243245e-01
   4.250493681318e-01  -2.230090461186e-01
   4.339045633012e-01  -2.276550679127e-01
   3.246174507604e-01  -1.308568326906e-01
   3.338922350679e-01  -1.345955993389e-01
   3.431670193753e-01  -1.383343659872e-01
   3.524418036827e-01  -1.420731326355e-01
   3.617165879902e-01  -1.458118992838e-01
   3.709913722976e-01  -1.495506659321e-01
   3.802661566051e-01  -1.532894325804e-01
   3.895409409125e-01  -1.570281992287e-01
   3.988157252199e-01  -1.607669658770e-01
   4.080905095274e-01  -1.645057325253e-01
   4.173652938348e-01  -1.682444991736e-01
   4.266400781423e-01  -1.719832658219e-01
   4.359148624497e-01  -1.757220324702e-01
   4.451896467571e-01  -1.794607991185e-01
   4.544644310646e-01  -1.831995657668e-01
   3.360596003276e-01  -9.779542436963e-02
   3.456613031941e-01  -1.005895793516e-01
   3.552630060606e-01  -1.033837343336e-01
   3.648647089271e-01  -1.061778893156e-01
   3.744664117936e-01  -1.089720442976e-01
   3.840681146601e-01  -1.117661992796e-01
   3.936698175266e-01  -1.145603542616e-01
   4.032715203932e-01  -1.173545092436e-01
   4.128732232597e-01  -1.201486642255e-01
   4.224749261262e-01  -1.229428192075e-01
   4.320766289927e-01  -1.257369741895e-01
   4.416783318592e-01  -1.285311291715e-01
   4.512800347257e-01  -1.313252841535e-01
   4.608817375922e-01  -1.341194391355e-01
   4.704834404587e-01  -1.369135941175e-01
   3.441439534549e-01  -6.375687649524e-02
   3.539766378393e-01  -6.557850153796e-02
   3.638093222238e-01  -6.740012658068e-02
   3.736420066082e-01  -6.922175162340e-02
   3.834746909926e-01  -7.104337666612e-02
   3.933073753770e-01  -7.286500170884e-02
   4.031400597615e-01  -7.468662675156e-02
   4.129727441459e-01  -7.650825179428e-02
   4.228054285303e-01  -7.832987683700e-02
   4.326381129147e-01  -8.015150187972e-02
   4.424707972992e-01  -8.197312692245e-02
   4.523034816836e-01  -8.379475196517e-02
   4.621361660680e-01  -8.561637700789e-02
   4.719688504524e-01  -8.743800205061e-02
   4.818015348369e-01  -8.925962709333e-02
   3.487897339581e-01  -2.908129098613e-02
   3.587551549284e-01  -2.991218501430e-02
   3.687205758986e-01  -3.074307904248e-02
   3.786859968688e-01  -3.157397307065e-02
   3.886514178391e-01  -3.240486709883e-02
   3.986168388093e-01  -3.323576112700e-02
   4.085822597795e-01  -3.406665515518e-02
   4.185476807498e-01  -3.489754918335e-02
   4.285131017200e-01  -3.572844321153e-02
   4.384785226902e-01  -3.655933723970e-02
   4.484439436604e-01  -3.739023126788e-02
   4.584093646307e-01  -3.822112529605e-02
   4.683747856009e-01  -3.905201932423e-02
   4.783402065711e-01  -3.988291335240e-02
   4.883056275414e-01  -4.071380738058e-02
