ARMA_MAT_TXT_FN008
20 2
   5.000000074506e-02  -4.000000000000e+00
   5.000000074506e-02  -4.000000000000e+00
   5.000000074506e-02  -4.000000000000e+00
   5.000000074506e-02  -4.000000000000e+00
   5.000000074506e-02  -4.000000000000e+00
   5.000000074506e-02  -4.000000000000e+00
   5.000000074506e-02  -4.000000000000e+00
   5.000000074506e-02  -4.000000000000e+00
   5.000000074506e-02  -4.000000000000e+00
   5.000000074506e-02  -4.000000000000e+00
   5.000000074506e-02  -4.000000000000e+00
   5.000000074506e-02  -4.000000000000e+00
   5.000000074506e-02  -4.000000000000e+00
   5.000000074506e-02  -4.000000000000e+00
   5.000000074506e-02  -4.000000000000e+00
   5.000000074506e-02  -4.000000000000e+00
   5.000000074506e-02  -4.000000000000e+00
   5.000000074506e-02  -4.000000000000e+00
   5.000000074506e-02  -4.000000000000e+00
   5.000000074506e-02  -4.000000000000e+00
