ARMA_MAT_TXT_FN008
#20 2
   1.000000014901e-01  -8.000000000000e+00
   1.000000014901e-01  -8.000000000000e+00
   1.000000014901e-01  -8.000000000000e+00
   1.000000014901e-01  -8.000000000000e+00
   1.000000014901e-01  -8.000000000000e+00
   1.000000014901e-01  -8.000000000000e+00
   1.000000014901e-01  -8.000000000000e+00
   1.000000014901e-01  -8.000000000000e+00
   1.000000014901e-01  -8.000000000000e+00
   1.000000014901e-01  -8.000000000000e+00
   1.000000014901e-01  -8.000000000000e+00
   1.000000014901e-01  -8.000000000000e+00
   1.000000014901e-01  -8.000000000000e+00
   1.000000014901e-01  -8.000000000000e+00
   1.000000014901e-01  -8.000000000000e+00
   1.000000014901e-01  -8.000000000000e+00
   1.000000014901e-01  -8.000000000000e+00
   1.000000014901e-01  -8.000000000000e+00
   1.000000014901e-01  -8.000000000000e+00
   1.000000014901e-01  -8.000000000000e+00
