ARMA_MAT_TXT_FN008
#20 2
   4.908734907456e-04  -4.908734907456e-04
   4.908734907456e-04  -4.908734907456e-04
   4.908734907456e-04  -4.908734907456e-04
   4.908734907456e-04  -4.908734907456e-04
   4.908734907456e-04  -4.908734907456e-04
   4.908734907456e-04  -4.908734907456e-04
   4.908734907456e-04  -4.908734907456e-04
   4.908734907456e-04  -4.908734907456e-04
   4.908734907456e-04  -4.908734907456e-04
   4.908734907456e-04  -4.908734907456e-04
   4.908734907456e-04  -4.908734907456e-04
   4.908734907456e-04  -4.908734907456e-04
   4.908734907456e-04  -4.908734907456e-04
   4.908734907456e-04  -4.908734907456e-04
   4.908734907456e-04  -4.908734907456e-04
   4.908734907456e-04  -4.908734907456e-04
   4.908734907456e-04  -4.908734907456e-04
   4.908734907456e-04  -4.908734907456e-04
   4.908734907456e-04  -4.908734907456e-04
   4.908734907456e-04  -4.908734907456e-04
