ARMA_MAT_TXT_FN008
#20 2
  -1.000000000000e+01  -1.000000000000e+01
  -1.000000000000e+01  -1.000000000000e+01
  -1.000000000000e+01  -1.000000000000e+01
  -1.000000000000e+01  -1.000000000000e+01
  -1.000000000000e+01  -1.000000000000e+01
  -1.000000000000e+01  -1.000000000000e+01
  -1.000000000000e+01  -1.000000000000e+01
  -1.000000000000e+01  -1.000000000000e+01
  -1.000000000000e+01  -1.000000000000e+01
  -1.000000000000e+01  -1.000000000000e+01
  -1.000000000000e+01  -1.000000000000e+01
  -1.000000000000e+01  -1.000000000000e+01
  -1.000000000000e+01  -1.000000000000e+01
  -1.000000000000e+01  -1.000000000000e+01
  -1.000000000000e+01  -1.000000000000e+01
  -1.000000000000e+01  -1.000000000000e+01
  -1.000000000000e+01  -1.000000000000e+01
  -1.000000000000e+01  -1.000000000000e+01
  -1.000000000000e+01  -1.000000000000e+01
  -1.000000000000e+01  -1.000000000000e+01
