   0.000000000000e+00   3.500000000000e-01
   0.000000000000e+00   3.788870492834e-01
   1.260832384510e-01   3.852815154668e-01
   2.197957510166e-01   3.948534803576e-01
   2.885933452378e-01   4.048576224878e-01
   3.391544947331e-01   4.140397347160e-01
   3.765527925295e-01   4.219485532946e-01
   4.044301986185e-01   4.285222916046e-01
   4.253641035365e-01   4.338690622020e-01
   4.411845172186e-01   4.381574286010e-01
   4.532038235254e-01   4.415646512746e-01
   4.623743668734e-01   4.442541127693e-01
   4.693951895951e-01   4.463671370717e-01
   4.747846791532e-01   4.480216614746e-01
   4.789306233166e-01   4.493139474369e-01
   4.821252198998e-01   4.503214286914e-01
   4.845899416378e-01   4.511057763970e-01
   4.864934527226e-01   4.517157641387e-01
   4.879646869287e-01   4.521897705313e-01
   4.891025017709e-01   4.525578828458e-01
   4.899828731739e-01   4.528436234015e-01
   4.906642997111e-01   4.530653440827e-01
   4.911918882673e-01   4.532373405334e-01
   4.916004590136e-01   4.533707354998e-01
   4.919169149846e-01   4.534741752259e-01
   4.921620564629e-01   4.535543761965e-01
   4.923519739137e-01   4.536165530666e-01
   4.924991195861e-01   4.536647528183e-01
   4.926131332490e-01   4.537021152373e-01
   4.927014792841e-01   4.537310756821e-01
   4.927699387208e-01   4.537535227712e-01
   4.928229895348e-01   4.537709209132e-01
   4.928641007628e-01   4.537844054630e-01
