ARMA_MAT_TXT_FN008
250 3
   3.130496703887e-01   1.107147736872e+00   1.000000000000e+00
   3.130498239278e-01  -9.809207091038e-07   2.000000000000e+00
   3.130499774671e-01   1.107146755953e+00   3.000000000000e+00
   3.130501310068e-01  -1.961839493747e-06   4.000000000000e+00
   3.130502845468e-01   1.107145775035e+00   5.000000000000e+00
   3.130504380870e-01  -2.942756353930e-06   6.000000000000e+00
   3.130505916276e-01   1.107144794119e+00   7.000000000000e+00
   3.130507451684e-01  -3.923671289652e-06   8.000000000000e+00
   3.130508987096e-01   1.107143813205e+00   9.000000000000e+00
   3.130510522511e-01  -4.904584301135e-06   1.000000000000e+01
   3.130512057928e-01   1.107142832293e+00   1.100000000000e+01
   3.130513593349e-01  -5.885495388158e-06   1.200000000000e+01
   3.130515128773e-01   1.107141851383e+00   1.300000000000e+01
   3.130516664199e-01  -6.866404550721e-06   1.400000000000e+01
   3.130518199629e-01   1.107140870475e+00   1.500000000000e+01
   3.130519735062e-01  -7.847311789044e-06   1.600000000000e+01
   3.130521270497e-01   1.107139889568e+00   1.700000000000e+01
   3.130522805936e-01  -8.828217102685e-06   1.800000000000e+01
   3.130524341378e-01   1.107138908664e+00   1.900000000000e+01
   3.130525876823e-01  -9.809120491866e-06   2.000000000000e+01
   3.130527412271e-01   1.107137927762e+00   2.100000000000e+01
   3.130528947721e-01  -1.079002195681e-05   2.200000000000e+01
   3.130530483175e-01   1.107136946861e+00   2.300000000000e+01
   3.130532018632e-01  -1.177092149729e-05   2.400000000000e+01
   3.130533554092e-01   1.107135965962e+00   2.500000000000e+01
   3.130535089555e-01  -1.275181911442e-05   2.600000000000e+01
   3.130536625020e-01   1.107134985066e+00   2.700000000000e+01
   3.130538160489e-01  -1.373271480598e-05   2.800000000000e+01
   3.130539695961e-01   1.107134004171e+00   2.900000000000e+01
   3.130541231436e-01  -1.471360857308e-05   3.000000000000e+01
   3.130542766914e-01   1.107133023278e+00   3.100000000000e+01
   3.130544302395e-01  -1.569450041572e-05   3.200000000000e+01
   3.130545837879e-01   1.107132042387e+00   3.300000000000e+01
   3.130547373366e-01  -1.667539033368e-05   3.400000000000e+01
   3.130548908856e-01   1.107131061498e+00   3.500000000000e+01
   3.130550444349e-01  -1.765627832739e-05   3.600000000000e+01
   3.130551979845e-01   1.107130080611e+00   3.700000000000e+01
   3.130553515344e-01  -1.863716439665e-05   3.800000000000e+01
   3.130555050846e-01   1.107129099726e+00   3.900000000000e+01
   3.130556586351e-01  -1.961804854145e-05   4.000000000000e+01
   3.130558121859e-01   1.107128118843e+00   4.100000000000e+01
   3.130559657370e-01  -2.059893076178e-05   4.200000000000e+01
   3.130556927574e-01   1.107129862634e+00   4.300000000000e+01
   3.130554197789e-01  -1.885513643685e-05   4.400000000000e+01
   3.130551468012e-01   1.107131606432e+00   4.500000000000e+01
   3.130548738245e-01  -1.711133602988e-05   4.600000000000e+01
   3.130546008488e-01   1.107133350235e+00   4.700000000000e+01
   3.130543278741e-01  -1.536752954068e-05   4.800000000000e+01
   3.130540549002e-01   1.107135094045e+00   4.900000000000e+01
   3.130537819274e-01  -1.362371696922e-05   5.000000000000e+01
   3.130535089555e-01   1.107136837860e+00   5.100000000000e+01
   3.130532359845e-01  -1.187989831553e-05   5.200000000000e+01
   3.130529630145e-01   1.107138581682e+00   5.300000000000e+01
   3.130526900454e-01  -1.013607357980e-05   5.400000000000e+01
   3.130524170773e-01   1.107140325510e+00   5.500000000000e+01
   3.130521441102e-01  -8.392242761834e-06   5.600000000000e+01
   3.130518711439e-01   1.107142069344e+00   5.700000000000e+01
   3.130515981787e-01  -6.648405861842e-06   5.800000000000e+01
   3.130513252144e-01   1.107143813184e+00   5.900000000000e+01
   3.130510522510e-01  -4.904562879382e-06   6.000000000000e+01
   3.130507792887e-01   1.107145557030e+00   6.100000000000e+01
   3.130505063272e-01  -3.160713814898e-06   6.200000000000e+01
   3.130502333667e-01   1.107147300882e+00   6.300000000000e+01
   3.130499604072e-01  -1.416858668168e-06   6.400000000000e+01
   3.130496874486e-01   1.107149044740e+00   6.500000000000e+01
   3.130494144910e-01   3.270025605850e-07   6.600000000000e+01
   3.130491415343e-01   1.107150788604e+00   6.700000000000e+01
   3.130488685785e-01   2.070869871362e-06   6.800000000000e+01
   3.130485956238e-01   1.107152532475e+00   6.900000000000e+01
   3.130483226699e-01   3.814743264163e-06   7.000000000000e+01
   3.130480497171e-01   1.107154276351e+00   7.100000000000e+01
   3.130477767651e-01   5.558622738988e-06   7.200000000000e+01
   3.130475038142e-01   1.107156020234e+00   7.300000000000e+01
   3.130472308641e-01   7.302508296059e-06   7.400000000000e+01
   3.130469579151e-01   1.107157764122e+00   7.500000000000e+01
   3.130466849670e-01   9.046399935153e-06   7.600000000000e+01
   3.130464120198e-01   1.107159508017e+00   7.700000000000e+01
   3.130461390736e-01   1.079029765627e-05   7.800000000000e+01
   3.130458661283e-01   1.107161251918e+00   7.900000000000e+01
   3.130455931840e-01   1.253420145941e-05   8.000000000000e+01
   3.130453202407e-01   1.107162995824e+00   8.100000000000e+01
   3.130450472983e-01   1.427811134458e-05   8.200000000000e+01
   3.130447743568e-01   1.107164739737e+00   8.300000000000e+01
   3.130445014163e-01   1.602202731177e-05   8.400000000000e+01
   3.130442284768e-01   1.107166483656e+00   8.500000000000e+01
   3.130439555382e-01   1.776594936098e-05   8.600000000000e+01
   3.130436826005e-01   1.107168227581e+00   8.700000000000e+01
   3.130434096638e-01   1.950987749200e-05   8.800000000000e+01
   3.130431367281e-01   1.107169971513e+00   8.900000000000e+01
   3.130428637933e-01   2.125381170504e-05   9.000000000000e+01
   3.130425908595e-01   1.107171715450e+00   9.100000000000e+01
   3.130423179266e-01   2.299775200010e-05   9.200000000000e+01
   3.130420449946e-01   1.107173459393e+00   9.300000000000e+01
   3.130417720637e-01   2.474169837718e-05   9.400000000000e+01
   3.130414991336e-01   1.107175203343e+00   9.500000000000e+01
   3.130412262046e-01   2.648565083629e-05   9.600000000000e+01
   3.130409532764e-01   1.107176947298e+00   9.700000000000e+01
   3.130406803493e-01   2.822960937743e-05   9.800000000000e+01
   3.130404074231e-01   1.107178691260e+00   9.900000000000e+01
   3.130401344978e-01   2.997357400036e-05   1.000000000000e+02
   3.130398615735e-01   1.107180435227e+00   1.010000000000e+02
   3.130395886501e-01   3.171754470532e-05   1.020000000000e+02
   3.130393157277e-01   1.107182179201e+00   1.030000000000e+02
   3.130390428062e-01   3.346152149208e-05   1.040000000000e+02
   3.130387698857e-01   1.107183923181e+00   1.050000000000e+02
   3.130384969662e-01   3.520550436065e-05   1.060000000000e+02
   3.130382240476e-01   1.107185667167e+00   1.070000000000e+02
   3.130379511299e-01   3.694949331123e-05   1.080000000000e+02
   3.130376782132e-01   1.107187411159e+00   1.090000000000e+02
   3.130374052975e-01   3.869348834362e-05   1.100000000000e+02
   3.130371323827e-01   1.107189155157e+00   1.110000000000e+02
   3.130368594688e-01   4.043748946292e-05   1.120000000000e+02
   3.130365865560e-01   1.107190899161e+00   1.130000000000e+02
   3.130363136440e-01   4.218149665913e-05   1.140000000000e+02
   3.130360407330e-01   1.107192643171e+00   1.150000000000e+02
   3.130357678230e-01   4.392550993715e-05   1.160000000000e+02
   3.130354949139e-01   1.107194387188e+00   1.170000000000e+02
   3.130352220058e-01   4.566952929697e-05   1.180000000000e+02
   3.130349490986e-01   1.107196131210e+00   1.190000000000e+02
   3.130346761924e-01   4.741355473881e-05   1.200000000000e+02
   3.130344032871e-01   1.107197875238e+00   1.210000000000e+02
   3.130341303828e-01   4.915758626245e-05   1.220000000000e+02
   3.130338574794e-01   1.107199619273e+00   1.230000000000e+02
   3.130335845770e-01   5.090162386767e-05   1.240000000000e+02
   3.130333116756e-01   1.107201363314e+00   1.250000000000e+02
   3.130330387750e-01   5.264566755470e-05   1.260000000000e+02
   3.130327658755e-01   1.107203107360e+00   1.270000000000e+02
   3.130324929769e-01   5.438971732352e-05   1.280000000000e+02
   3.130322200792e-01   1.107204851413e+00   1.290000000000e+02
   3.130319471825e-01   5.613377317415e-05   1.300000000000e+02
   3.130316742868e-01   1.107206595472e+00   1.310000000000e+02
   3.130314013920e-01   5.787783510658e-05   1.320000000000e+02
   3.130311284981e-01   1.107208339537e+00   1.330000000000e+02
   3.130308556052e-01   5.962190312081e-05   1.340000000000e+02
   3.130305827133e-01   1.107210083608e+00   1.350000000000e+02
   3.130303098223e-01   6.136597721684e-05   1.360000000000e+02
   3.130300369323e-01   1.107211827685e+00   1.370000000000e+02
   3.130297640432e-01   6.311005739446e-05   1.380000000000e+02
   3.130294911550e-01   1.107213571769e+00   1.390000000000e+02
   3.130292182679e-01   6.485414365365e-05   1.400000000000e+02
   3.130289453816e-01   1.107215315858e+00   1.410000000000e+02
   3.130286724964e-01   6.659823599464e-05   1.420000000000e+02
   3.130283996120e-01   1.107217059953e+00   1.430000000000e+02
   3.130281267287e-01   6.834233441744e-05   1.440000000000e+02
   3.130278538462e-01   1.107218804055e+00   1.450000000000e+02
   3.130275809648e-01   7.008643892203e-05   1.460000000000e+02
   3.130273080843e-01   1.107220548162e+00   1.470000000000e+02
   3.130270352047e-01   7.183054950799e-05   1.480000000000e+02
   3.130267623261e-01   1.107222292276e+00   1.490000000000e+02
   3.130264894484e-01   7.357466617575e-05   1.500000000000e+02
   3.130262165717e-01   1.107224036396e+00   1.510000000000e+02
   3.130259436960e-01   7.531878892508e-05   1.520000000000e+02
   3.130256708212e-01   1.107225780521e+00   1.530000000000e+02
   3.130253979473e-01   7.706291775622e-05   1.540000000000e+02
   3.130251250744e-01   1.107227524653e+00   1.550000000000e+02
   3.130248522025e-01   7.880705266894e-05   1.560000000000e+02
   3.130245793315e-01   1.107229268791e+00   1.570000000000e+02
   3.130251591835e-01   7.510076315742e-05   1.580000000000e+02
   3.130248863114e-01   1.107231012926e+00   1.590000000000e+02
   3.130246134403e-01   7.684490073090e-05   1.600000000000e+02
   3.130243405701e-01   1.107232757066e+00   1.610000000000e+02
   3.130240677009e-01   7.858904438596e-05   1.620000000000e+02
   3.130237948327e-01   1.107234501213e+00   1.630000000000e+02
   3.130235219654e-01   8.033319412259e-05   1.640000000000e+02
   3.130232490990e-01   1.107236245366e+00   1.650000000000e+02
   3.130229762336e-01   8.207734994103e-05   1.660000000000e+02
   3.130227033692e-01   1.107237989525e+00   1.670000000000e+02
   3.130224305057e-01   8.382151184105e-05   1.680000000000e+02
   3.130221576431e-01   1.107239733690e+00   1.690000000000e+02
   3.130218847815e-01   8.556567982243e-05   1.700000000000e+02
   3.130216119209e-01   1.107241477861e+00   1.710000000000e+02
   3.130213390612e-01   8.730985388539e-05   1.720000000000e+02
   3.130210662025e-01   1.107243222038e+00   1.730000000000e+02
   3.130207933447e-01   8.905403402992e-05   1.740000000000e+02
   3.130205204879e-01   1.107244966221e+00   1.750000000000e+02
   3.130202476320e-01   9.079822025604e-05   1.760000000000e+02
   3.130199747771e-01   1.107246710410e+00   1.770000000000e+02
   3.130197019231e-01   9.254241256373e-05   1.780000000000e+02
   3.130194290701e-01   1.107248454606e+00   1.790000000000e+02
   3.130191562180e-01   9.428661095279e-05   1.800000000000e+02
   3.130188833669e-01   1.107250198807e+00   1.810000000000e+02
   3.130186105167e-01   9.603081542342e-05   1.820000000000e+02
   3.130183376675e-01   1.107251943014e+00   1.830000000000e+02
   3.130180648193e-01   9.777502597563e-05   1.840000000000e+02
   3.130177919719e-01   1.107253687228e+00   1.850000000000e+02
   3.130175191256e-01   9.951924260942e-05   1.860000000000e+02
   3.130172462802e-01   1.107255431448e+00   1.870000000000e+02
   3.130169734357e-01   1.012634653244e-04   1.880000000000e+02
   3.130167005922e-01   1.107257175673e+00   1.890000000000e+02
   3.130164277497e-01   1.030076941211e-04   1.900000000000e+02
   3.130161549081e-01   1.107258919905e+00   1.910000000000e+02
   3.130158820675e-01   1.047519289989e-04   1.920000000000e+02
   3.130156092278e-01   1.107260664143e+00   1.930000000000e+02
   3.130153363890e-01   1.064961699586e-04   1.940000000000e+02
   3.130150635513e-01   1.107262408387e+00   1.950000000000e+02
   3.130147907144e-01   1.082404169996e-04   1.960000000000e+02
   3.130145178785e-01   1.107264152637e+00   1.970000000000e+02
   3.130142450436e-01   1.099846701218e-04   1.980000000000e+02
   3.130139722096e-01   1.107265896893e+00   1.990000000000e+02
   3.130136993766e-01   1.117289293255e-04   2.000000000000e+02
   3.130134265446e-01   1.107267641156e+00   2.010000000000e+02
   3.130131537134e-01   1.134731946109e-04   2.020000000000e+02
   3.130128808833e-01   1.107269385424e+00   2.030000000000e+02
   3.130126080541e-01   1.152174659775e-04   2.040000000000e+02
   3.130123352258e-01   1.107271129698e+00   2.050000000000e+02
   3.130120623985e-01   1.169617434253e-04   2.060000000000e+02
   3.130117895721e-01   1.107272873979e+00   2.070000000000e+02
   3.130115167467e-01   1.187060269547e-04   2.080000000000e+02
   3.130112439223e-01   1.107274618266e+00   2.090000000000e+02
   3.130109710988e-01   1.204503165655e-04   2.100000000000e+02
   3.130106982762e-01   1.107276362558e+00   2.110000000000e+02
   3.130104254546e-01   1.221946122574e-04   2.120000000000e+02
   3.130101526340e-01   1.107278106857e+00   2.130000000000e+02
   3.130098798143e-01   1.239389140308e-04   2.140000000000e+02
   3.130096069956e-01   1.107279851162e+00   2.150000000000e+02
   3.130093341778e-01   1.256832218854e-04   2.160000000000e+02
   3.130090613610e-01   1.107281595473e+00   2.170000000000e+02
   3.130087885451e-01   1.274275358214e-04   2.180000000000e+02
   3.130085157302e-01   1.107283339790e+00   2.190000000000e+02
   3.130082429162e-01   1.291718558387e-04   2.200000000000e+02
   3.130079701032e-01   1.107285084113e+00   2.210000000000e+02
   3.130076972911e-01   1.309161819374e-04   2.220000000000e+02
   3.130074244800e-01   1.107286828442e+00   2.230000000000e+02
   3.130071516698e-01   1.326605141174e-04   2.240000000000e+02
   3.130068788606e-01   1.107288572777e+00   2.250000000000e+02
   3.130066060523e-01   1.344048523886e-04   2.260000000000e+02
   3.130063332450e-01   1.107290317118e+00   2.270000000000e+02
   3.130060604387e-01   1.361491967311e-04   2.280000000000e+02
   3.130057876333e-01   1.107292061466e+00   2.290000000000e+02
   3.130055148288e-01   1.378935471550e-04   2.300000000000e+02
   3.130052420253e-01   1.107293805819e+00   2.310000000000e+02
   3.130049692228e-01   1.396379036600e-04   2.320000000000e+02
   3.130046964212e-01   1.107295550179e+00   2.330000000000e+02
   3.130044236205e-01   1.413822662462e-04   2.340000000000e+02
   3.130041508209e-01   1.107297294544e+00   2.350000000000e+02
   3.130038780221e-01   1.431266349137e-04   2.360000000000e+02
   3.130036052243e-01   1.107299038916e+00   2.370000000000e+02
   3.130033324275e-01   1.448710096623e-04   2.380000000000e+02
   3.130030596316e-01   1.107300783294e+00   2.390000000000e+02
   3.130027868367e-01   1.466153904923e-04   2.400000000000e+02
   3.130025140427e-01   1.107302527678e+00   2.410000000000e+02
   3.130022412497e-01   1.483597774035e-04   2.420000000000e+02
   3.130019684576e-01   1.107304272068e+00   2.430000000000e+02
   3.130016956665e-01   1.501041703957e-04   2.440000000000e+02
   3.130014228763e-01   1.107306016464e+00   2.450000000000e+02
   3.130011500871e-01   1.518485694694e-04   2.460000000000e+02
   3.130008772989e-01   1.107307760866e+00   2.470000000000e+02
   3.130006045116e-01   1.535929746241e-04   2.480000000000e+02
   3.130003317252e-01   1.107309505274e+00   2.490000000000e+02
   3.130000589398e-01   1.553373858600e-04   2.500000000000e+02
