ARMA_MAT_TXT_FN008
250 4
   1.014000000000e+01   9.514891334415e-01  -3.290872527471e-01   1.000000000000e+00
   1.028000000000e+01   9.237276608180e-01   1.333314016120e-01   2.000000000000e+00
   1.042000000000e+01   9.154317522990e-01  -1.925182459780e-01   3.000000000000e+00
   1.056000000000e+01   9.260236134205e-01   2.680298044349e-01   4.000000000000e+00
   1.070000000000e+01   9.549314850849e-01  -6.440913735308e-02   5.000000000000e+00
   1.084000000000e+01   1.001589643561e+00   3.861005817959e-01   6.000000000000e+00
   1.098000000000e+01   1.065438400485e+00   4.177703012852e-02   7.000000000000e+00
   1.112000000000e+01   1.145924102858e+00   4.799720191764e-01   8.000000000000e+00
   1.126000000000e+01   1.242499133048e+00   1.238798041104e-01   9.000000000000e+00
   1.140000000000e+01   1.354621908790e+00   5.513836818019e-01   1.000000000000e+01
   1.154000000000e+01   1.481756883186e+00   1.858789660673e-01   1.100000000000e+01
   1.168000000000e+01   1.623374544703e+00   6.052485978784e-01   1.200000000000e+01
   1.182000000000e+01   1.778951417176e+00   2.327849106127e-01   1.300000000000e+01
   1.196000000000e+01   1.947970059805e+00   6.462276077911e-01   1.400000000000e+01
   1.210000000000e+01   2.129919067156e+00   2.687198882791e-01   1.500000000000e+01
   1.224000000000e+01   2.324293069165e+00   6.778629522232e-01   1.600000000000e+01
   1.238000000000e+01   2.530592731131e+00   2.966785414344e-01   1.700000000000e+01
   1.252000000000e+01   2.748324753720e+00   7.026646419063e-01   1.800000000000e+01
   1.266000000000e+01   2.977001872965e+00   3.187568069992e-01   1.900000000000e+01
   1.280000000000e+01   3.216142860266e+00   7.223817225204e-01   2.000000000000e+01
   1.294000000000e+01   3.465272522388e+00   3.364162129701e-01   2.100000000000e+01
   1.308000000000e+01   3.723921701465e+00   7.382386439227e-01   2.200000000000e+01
   1.322000000000e+01   3.991627274995e+00   3.506860445053e-01   2.300000000000e+01
   1.336000000000e+01   4.267932155843e+00   7.511039284845e-01   2.400000000000e+01
   1.350000000000e+01   4.552385292241e+00   3.623021167276e-01   2.500000000000e+01
   1.364000000000e+01   4.844541667787e+00   7.616035020109e-01   2.600000000000e+01
   1.378000000000e+01   5.143962301447e+00   3.717990186075e-01   2.700000000000e+01
   1.392000000000e+01   5.450214247550e+00   7.701957203352e-01   2.800000000000e+01
   1.406000000000e+01   5.762870595796e+00   3.795711973853e-01   2.900000000000e+01
   1.420000000000e+01   6.081510471247e+00   7.772212089672e-01   3.000000000000e+01
   1.434000000000e+01   6.405719034334e+00   3.859137404499e-01   3.100000000000e+01
   1.448000000000e+01   6.735087480856e+00   7.829363446931e-01   3.200000000000e+01
   1.462000000000e+01   7.069213041974e+00   3.910499624468e-01   3.300000000000e+01
   1.476000000000e+01   7.407698984219e+00   7.875360705608e-01   3.400000000000e+01
   1.490000000000e+01   7.750154609488e+00   3.951503442170e-01   3.500000000000e+01
   1.504000000000e+01   8.096195255043e+00   7.911696750544e-01   3.600000000000e+01
   1.518000000000e+01   8.445442293514e+00   3.983457259569e-01   3.700000000000e+01
   1.532000000000e+01   8.797523132897e+00   7.939518600361e-01   3.800000000000e+01
   1.546000000000e+01   9.152071216553e+00   4.007366211298e-01   3.900000000000e+01
   1.560000000000e+01   9.508726023212e+00   7.959706005861e-01   4.000000000000e+01
   1.574000000000e+01   9.867133066969e+00   4.023998654333e-01   4.100000000000e+01
   1.588000000000e+01   1.022694389729e+01   7.972927809230e-01   4.200000000000e+01
   1.602000000000e+01   1.058781363790e+01   4.033933982007e-01   4.300000000000e+01
   1.616000000000e+01   1.094940836249e+01   7.979705502532e-01   4.400000000000e+01
   1.630000000000e+01   1.131139773329e+01   4.037620192089e-01   4.500000000000e+01
   1.644000000000e+01   1.167345744777e+01   7.980373867875e-01   4.600000000000e+01
   1.658000000000e+01   1.203526923857e+01   4.035329944430e-01   4.700000000000e+01
   1.672000000000e+01   1.239652087355e+01   7.975170735680e-01   4.800000000000e+01
   1.686000000000e+01   1.275690615578e+01   4.027246894330e-01   4.900000000000e+01
   1.700000000000e+01   1.311612492350e+01   7.964228569091e-01   5.000000000000e+01
   1.714000000000e+01   1.347388305019e+01   4.013454713178e-01   5.100000000000e+01
   1.728000000000e+01   1.382989244451e+01   7.947584121969e-01   5.200000000000e+01
   1.742000000000e+01   1.418387105032e+01   3.993944630848e-01   5.300000000000e+01
   1.756000000000e+01   1.453554284669e+01   7.925184049138e-01   5.400000000000e+01
   1.770000000000e+01   1.488463784790e+01   3.968619259366e-01   5.500000000000e+01
   1.784000000000e+01   1.523089210341e+01   7.896887056127e-01   5.600000000000e+01
   1.798000000000e+01   1.557404769790e+01   3.937293152405e-01   5.700000000000e+01
   1.812000000000e+01   1.591385275125e+01   7.862462926275e-01   5.800000000000e+01
   1.826000000000e+01   1.625006141853e+01   3.899690334567e-01   5.900000000000e+01
   1.840000000000e+01   1.658243389002e+01   7.821588565358e-01   6.000000000000e+01
   1.854000000000e+01   1.691073639122e+01   3.855438854645e-01   6.100000000000e+01
   1.868000000000e+01   1.723474118279e+01   7.773841038112e-01   6.200000000000e+01
   1.882000000000e+01   1.755422656064e+01   3.804062262202e-01   6.300000000000e+01
   1.896000000000e+01   1.786897685584e+01   7.718687424542e-01   6.400000000000e+01
   1.910000000000e+01   1.817878243469e+01   3.744967766849e-01   6.500000000000e+01
   1.924000000000e+01   1.848343969869e+01   7.655471189571e-01   6.600000000000e+01
   1.938000000000e+01   1.878275108451e+01   3.677430710574e-01   6.700000000000e+01
   1.952000000000e+01   1.907652506407e+01   7.583394636407e-01   6.800000000000e+01
   1.966000000000e+01   1.936457614446e+01   3.600574868064e-01   6.900000000000e+01
   1.980000000000e+01   1.964672486798e+01   7.501496909547e-01   7.000000000000e+01
   1.994000000000e+01   1.992279781213e+01   3.513348001390e-01   7.100000000000e+01
   2.008000000000e+01   2.019262758963e+01   7.408626948259e-01   7.200000000000e+01
   2.022000000000e+01   2.045605284836e+01   3.414492064507e-01   7.300000000000e+01
   2.036000000000e+01   2.071291827146e+01   7.303410809432e-01   7.400000000000e+01
   2.050000000000e+01   2.096307457721e+01   3.302507540582e-01   7.500000000000e+01
   2.064000000000e+01   2.120637851915e+01   7.184212963184e-01   7.600000000000e+01
   2.078000000000e+01   2.144269288597e+01   3.175611713347e-01   7.700000000000e+01
   2.092000000000e+01   2.167188650161e+01   7.049091665978e-01   7.800000000000e+01
   2.106000000000e+01   2.189383422517e+01   3.031691423047e-01   7.900000000000e+01
   2.120000000000e+01   2.210841695099e+01   6.895749597425e-01   8.000000000000e+01
   2.134000000000e+01   2.231552160857e+01   2.868252380354e-01   8.100000000000e+01
   2.148000000000e+01   2.251504116265e+01   6.721483051050e-01   8.200000000000e+01
   2.162000000000e+01   2.270687461316e+01   2.682369972648e-01   8.300000000000e+01
   2.176000000000e+01   2.289092699522e+01   6.523136805122e-01   8.400000000000e+01
   2.190000000000e+01   2.306710937916e+01   2.470651571329e-01   8.500000000000e+01
   2.204000000000e+01   2.323533887052e+01   6.297078419816e-01   8.600000000000e+01
   2.218000000000e+01   2.339553861002e+01   2.229228858452e-01   8.700000000000e+01
   2.232000000000e+01   2.354763777362e+01   6.039216462451e-01   8.800000000000e+01
   2.246000000000e+01   2.369157157245e+01   1.953812010725e-01   8.900000000000e+01
   2.260000000000e+01   2.382728125284e+01   5.745103240066e-01   9.000000000000e+01
   2.274000000000e+01   2.395471409634e+01   1.639856342423e-01   9.100000000000e+01
   2.288000000000e+01   2.407382341970e+01   5.410183511834e-01   9.200000000000e+01
   2.302000000000e+01   2.418456857487e+01   1.282913673892e-01   9.300000000000e+01
   2.316000000000e+01   2.428691494899e+01   5.030270515166e-01   9.400000000000e+01
   2.330000000000e+01   2.438083396441e+01   8.792544623299e-02   9.500000000000e+01
   2.344000000000e+01   2.446630307868e+01   4.602331825192e-01   9.600000000000e+01
   2.358000000000e+01   2.454330578457e+01   4.268263357016e-02   9.700000000000e+01
   2.372000000000e+01   2.461183161003e+01   4.125614313944e-01   9.800000000000e+01
   2.386000000000e+01   2.467187611822e+01  -7.348376434642e-03   9.900000000000e+01
   2.400000000000e+01   2.472344090750e+01   3.602983286790e-01   1.000000000000e+02
   2.414000000000e+01   2.476653361143e+01  -6.165306042584e-02   1.010000000000e+02
   2.428000000000e+01   2.480116789877e+01   3.042086183451e-01   1.020000000000e+02
   2.442000000000e+01   2.482736347351e+01  -1.192067821660e-01   1.030000000000e+02
   2.456000000000e+01   2.484514607479e+01   2.455697224431e-01   1.040000000000e+02
   2.470000000000e+01   2.485454747701e+01  -1.785060416295e-01   1.050000000000e+02
   2.484000000000e+01   2.485560548972e+01   1.860644618165e-01   1.060000000000e+02
   2.498000000000e+01   2.484836395771e+01  -2.377529411346e-01   1.070000000000e+02
   2.512000000000e+01   2.483287276095e+01   1.275296441406e-01   1.080000000000e+02
   2.526000000000e+01   2.480918781462e+01  -2.951520714714e-01   1.090000000000e+02
   2.540000000000e+01   2.477737106910e+01   7.164341119007e-02   1.100000000000e+02
   2.554000000000e+01   2.473749050998e+01  -3.492062631673e-01   1.110000000000e+02
   2.568000000000e+01   2.468962015804e+01   1.967588673169e-02   1.120000000000e+02
   2.582000000000e+01   2.463384006926e+01  -3.988984276001e-01   1.130000000000e+02
   2.596000000000e+01   2.457023633485e+01  -2.761532630007e-02   1.140000000000e+02
   2.610000000000e+01   2.449890108119e+01  -4.437202490296e-01   1.150000000000e+02
   2.624000000000e+01   2.441993246986e+01  -6.994860404227e-02   1.160000000000e+02
   2.638000000000e+01   2.433343469768e+01  -4.835864291168e-01   1.170000000000e+02
   2.652000000000e+01   2.423951799664e+01  -1.074010685286e-01   1.180000000000e+02
   2.666000000000e+01   2.413829863392e+01  -5.187024520469e-01   1.190000000000e+02
   2.680000000000e+01   2.402989891195e+01  -1.402747358490e-01   1.200000000000e+02
   2.694000000000e+01   2.391444716832e+01  -5.494386947946e-01   1.210000000000e+02
   2.708000000000e+01   2.379207777583e+01  -1.689844861184e-01   1.220000000000e+02
   2.722000000000e+01   2.366293114250e+01  -5.762350855042e-01   1.230000000000e+02
   2.736000000000e+01   2.352715371153e+01  -1.939799682115e-01   1.240000000000e+02
   2.750000000000e+01   2.338489796133e+01  -5.995393184405e-01   1.250000000000e+02
   2.764000000000e+01   2.323632240553e+01  -2.156983406868e-01   1.260000000000e+02
   2.778000000000e+01   2.308159159293e+01  -6.197719682665e-01   1.270000000000e+02
   2.792000000000e+01   2.292087610755e+01  -2.345395600881e-01   1.280000000000e+02
   2.806000000000e+01   2.275435256861e+01  -6.373098992879e-01   1.290000000000e+02
   2.820000000000e+01   2.258220363054e+01  -2.508561028520e-01   1.300000000000e+02
   2.834000000000e+01   2.240461798295e+01  -6.524807716431e-01   1.310000000000e+02
   2.848000000000e+01   2.222179035068e+01  -2.649510037155e-01   1.320000000000e+02
   2.862000000000e+01   2.203392149375e+01  -6.655636114619e-01   1.330000000000e+02
   2.876000000000e+01   2.184121820738e+01  -2.770801746132e-01   1.340000000000e+02
   2.890000000000e+01   2.164389332202e+01  -6.767922767089e-01   1.350000000000e+02
   2.904000000000e+01   2.144216570330e+01  -2.874565626452e-01   1.360000000000e+02
   2.918000000000e+01   2.123626025205e+01  -6.863599690653e-01   1.370000000000e+02
   2.932000000000e+01   2.102640790431e+01  -2.962547684377e-01   1.380000000000e+02
   2.946000000000e+01   2.081284563131e+01  -6.944237808753e-01   1.390000000000e+02
   2.960000000000e+01   2.059581643951e+01  -3.036153962520e-01   1.400000000000e+02
   2.974000000000e+01   2.037556937055e+01  -7.011087618624e-01   1.410000000000e+02
   2.988000000000e+01   2.015235950127e+01  -3.096487789723e-01   1.420000000000e+02
   3.002000000000e+01   1.992644794371e+01  -7.065112640440e-01   1.430000000000e+02
   3.016000000000e+01   1.969810184514e+01  -3.144379182162e-01   1.440000000000e+02
   3.030000000000e+01   1.946759438799e+01  -7.107014609817e-01   1.450000000000e+02
   3.044000000000e+01   1.923520478993e+01  -3.180405715434e-01   1.460000000000e+02
   3.058000000000e+01   1.900121830382e+01  -7.137249936499e-01   1.470000000000e+02
   3.072000000000e+01   1.876592621770e+01  -3.204904471484e-01   1.480000000000e+02
   3.086000000000e+01   1.852962585484e+01  -7.156037016245e-01   1.490000000000e+02
   3.100000000000e+01   1.829262057371e+01  -3.217974549957e-01   1.500000000000e+02
   3.114000000000e+01   1.805521976795e+01  -7.163353717715e-01   1.510000000000e+02
   3.128000000000e+01   1.781773886645e+01  -3.219469232443e-01   1.520000000000e+02
   3.142000000000e+01   1.758049933327e+01  -7.158923834976e-01   1.530000000000e+02
   3.156000000000e+01   1.734382866768e+01  -3.208976225214e-01   1.540000000000e+02
   3.170000000000e+01   1.710806040416e+01  -7.142190492185e-01   1.550000000000e+02
   3.184000000000e+01   1.687353411237e+01  -3.185783442220e-01   1.560000000000e+02
   3.198000000000e+01   1.664059539719e+01  -7.112273336784e-01   1.570000000000e+02
   3.212000000000e+01   1.640959276639e+01  -3.148826111771e-01   1.580000000000e+02
   3.226000000000e+01   1.618089019363e+01  -7.067843697929e-01   1.590000000000e+02
   3.240000000000e+01   1.595484822832e+01  -3.096610770142e-01   1.600000000000e+02
   3.254000000000e+01   1.573183661622e+01  -7.007276267617e-01   1.610000000000e+02
   3.268000000000e+01   1.551223113831e+01  -3.027104923710e-01   1.620000000000e+02
   3.282000000000e+01   1.529641361075e+01  -6.928153737885e-01   1.630000000000e+02
   3.296000000000e+01   1.508477188492e+01  -2.937582024188e-01   1.640000000000e+02
   3.310000000000e+01   1.487769984740e+01  -6.827325362385e-01   1.650000000000e+02
   3.324000000000e+01   1.467559741995e+01  -2.824402661397e-01   1.660000000000e+02
   3.338000000000e+01   1.447887055955e+01  -6.700586592065e-01   1.670000000000e+02
   3.352000000000e+01   1.428793125840e+01  -2.682706527791e-01   1.680000000000e+02
   3.366000000000e+01   1.410319754386e+01  -6.542314203010e-01   1.690000000000e+02
   3.380000000000e+01   1.392509347853e+01  -2.505981220066e-01   1.700000000000e+02
   3.394000000000e+01   1.375404916020e+01  -6.344958699347e-01   1.710000000000e+02
   3.408000000000e+01   1.359050072184e+01  -2.285468455422e-01   1.720000000000e+02
   3.422000000000e+01   1.343489033165e+01  -6.098356547632e-01   1.730000000000e+02
   3.436000000000e+01   1.328766619302e+01  -2.009379657175e-01   1.740000000000e+02
   3.450000000000e+01   1.314928254456e+01  -5.788857067838e-01   1.750000000000e+02
   3.464000000000e+01   1.302019966005e+01  -1.661962010899e-01   1.760000000000e+02
   3.478000000000e+01   1.290088384849e+01  -5.398390588620e-01   1.770000000000e+02
   3.492000000000e+01   1.279180745409e+01  -1.222690555057e-01   1.780000000000e+02
   3.506000000000e+01   1.269344885624e+01  -4.904000738125e-01   1.790000000000e+02
   3.520000000000e+01   1.260629246956e+01  -6.665002820739e-02   1.800000000000e+02
   3.534000000000e+01   1.253082874384e+01  -4.279337733845e-01   1.810000000000e+02
   3.548000000000e+01   1.246755416411e+01   3.264666816152e-03   1.820000000000e+02
   3.562000000000e+01   1.241697125056e+01  -3.501356453708e-01   1.830000000000e+02
   3.576000000000e+01   1.237958855861e+01   8.907883411187e-02   1.840000000000e+02
   3.590000000000e+01   1.235592067888e+01  -2.566349793672e-01   1.850000000000e+02
   3.604000000000e+01   1.234648823719e+01   1.893277626597e-01   1.860000000000e+02
   3.618000000000e+01   1.235181789454e+01  -1.512575486763e-01   1.870000000000e+02
   3.632000000000e+01   1.237244234717e+01   2.975980160327e-01   1.880000000000e+02
   3.646000000000e+01   1.240890032649e+01  -4.271416745578e-02   1.890000000000e+02
   3.660000000000e+01   1.246173659914e+01   4.037636962201e-01   1.900000000000e+02
   3.674000000000e+01   1.253150196693e+01   5.875510685723e-02   1.910000000000e+02
   3.688000000000e+01   1.261875326690e+01   4.988070435436e-01   1.920000000000e+02
   3.702000000000e+01   1.272405337128e+01   1.463248666834e-01   1.930000000000e+02
   3.716000000000e+01   1.284797118750e+01   5.784833066003e-01   1.940000000000e+02
   3.730000000000e+01   1.299108165820e+01   2.181763993398e-01   1.950000000000e+02
   3.744000000000e+01   1.315396576121e+01   6.429067806720e-01   1.960000000000e+02
   3.758000000000e+01   1.333721050957e+01   2.757547806933e-01   1.970000000000e+02
   3.772000000000e+01   1.354140895152e+01   6.943032192255e-01   1.980000000000e+02
   3.786000000000e+01   1.376716017051e+01   3.216421923458e-01   1.990000000000e+02
   3.800000000000e+01   1.401506928519e+01   7.353225621963e-01   2.000000000000e+02
   3.814000000000e+01   1.428574744939e+01   3.583810157810e-01   2.010000000000e+02
   3.828000000000e+01   1.457981185217e+01   7.683066076584e-01   2.020000000000e+02
   3.842000000000e+01   1.489788571778e+01   3.880735640852e-01   2.030000000000e+02
   3.856000000000e+01   1.524059830567e+01   7.951120156479e-01   2.040000000000e+02
   3.870000000000e+01   1.560858491050e+01   4.123427653117e-01   2.050000000000e+02
   3.884000000000e+01   1.600248686213e+01   8.171486715551e-01   2.060000000000e+02
   3.898000000000e+01   1.642295152561e+01   4.324093407667e-01   2.070000000000e+02
   3.912000000000e+01   1.687063230120e+01   8.354720687220e-01   2.080000000000e+02
   3.926000000000e+01   1.734618862437e+01   4.491859367041e-01   2.090000000000e+02
   3.940000000000e+01   1.785028596579e+01   8.508721204275e-01   2.100000000000e+02
   3.954000000000e+01   1.838359583132e+01   4.633573793807e-01   2.110000000000e+02
   3.968000000000e+01   1.894679576203e+01   8.639438139061e-01   2.120000000000e+02
   3.982000000000e+01   1.954056933419e+01   4.754418681190e-01   2.130000000000e+02
   3.996000000000e+01   2.016560615928e+01   8.751396665312e-01   2.140000000000e+02
   4.010000000000e+01   2.082260188397e+01   4.858356580000e-01   2.150000000000e+02
   4.024000000000e+01   2.151225819014e+01   8.848076482619e-01   2.160000000000e+02
   4.038000000000e+01   2.223528279487e+01   4.948451875223e-01   2.170000000000e+02
   4.052000000000e+01   2.299238945043e+01   8.932183874410e-01   2.180000000000e+02
   4.066000000000e+01   2.378429794432e+01   5.027101277025e-01   2.190000000000e+02
   4.080000000000e+01   2.461173409922e+01   9.005847210141e-01   2.200000000000e+02
   4.094000000000e+01   2.547542977301e+01   5.096199919517e-01   2.210000000000e+02
   4.108000000000e+01   2.637612285878e+01   9.070758345297e-01   2.220000000000e+02
   4.122000000000e+01   2.731455728484e+01   5.157262005047e-01   2.230000000000e+02
   4.136000000000e+01   2.829148301466e+01   9.128275805162e-01   2.240000000000e+02
   4.150000000000e+01   2.930765604696e+01   5.211509277186e-01   2.250000000000e+02
   4.164000000000e+01   3.036383841561e+01   9.179500840768e-01   2.260000000000e+02
   4.178000000000e+01   3.146079818973e+01   5.259936573815e-01   2.270000000000e+02
   4.192000000000e+01   3.259930947361e+01   9.225334078092e-01   2.280000000000e+02
   4.206000000000e+01   3.378015240676e+01   5.303360909998e-01   2.290000000000e+02
   4.220000000000e+01   3.500411316389e+01   9.266518155438e-01   2.300000000000e+02
   4.234000000000e+01   3.627198395490e+01   5.342458610991e-01   2.310000000000e+02
   4.248000000000e+01   3.758456302490e+01   9.303670143912e-01   2.320000000000e+02
   4.262000000000e+01   3.894265465420e+01   5.377793687898e-01   2.330000000000e+02
   4.276000000000e+01   4.034706915832e+01   9.337306442704e-01   2.340000000000e+02
   4.290000000000e+01   4.179862288797e+01   5.409839730830e-01   2.350000000000e+02
   4.304000000000e+01   4.329813822908e+01   9.367862076285e-01   2.360000000000e+02
   4.318000000000e+01   4.484644360275e+01   5.438996955954e-01   2.370000000000e+02
   4.332000000000e+01   4.644437346531e+01   9.395705786438e-01   2.380000000000e+02
   4.346000000000e+01   4.809276830830e+01   5.465605594968e-01   2.390000000000e+02
   4.360000000000e+01   4.979247465842e+01   9.421151935685e-01   2.400000000000e+02
   4.374000000000e+01   5.154434507761e+01   5.489956498568e-01   2.410000000000e+02
   4.388000000000e+01   5.334923816301e+01   9.444469971112e-01   2.420000000000e+02
   4.402000000000e+01   5.520801854693e+01   5.512299599081e-01   2.430000000000e+02
   4.416000000000e+01   5.712155689692e+01   9.465892005604e-01   2.440000000000e+02
   4.430000000000e+01   5.909072991571e+01   5.532850714196e-01   2.450000000000e+02
   4.444000000000e+01   6.111642034124e+01   9.485618934385e-01   2.460000000000e+02
   4.458000000000e+01   6.319951694665e+01   5.551797054971e-01   2.470000000000e+02
   4.472000000000e+01   6.534091454028e+01   9.503825403146e-01   2.480000000000e+02
   4.486000000000e+01   6.754151396568e+01   5.569301714114e-01   2.490000000000e+02
   4.500000000000e+01   6.980222210159e+01   9.520663869083e-01   2.500000000000e+02
