ARMA_MAT_TXT_FN008
250 4
   1.014000000000e+01  -8.352583985955e+02   1.567370140643e+00   1.000000000000e+00
   1.028000000000e+01  -9.461815412563e+02  -3.136904326743e+00   2.000000000000e+00
   1.042000000000e+01  -1.020246256275e+03   1.567998250430e+00   3.000000000000e+00
   1.056000000000e+01  -1.098460940320e+03  -3.137004616356e+00   4.000000000000e+00
   1.070000000000e+01  -1.180974887752e+03   1.567904991593e+00   5.000000000000e+00
   1.084000000000e+01  -1.267939992030e+03  -3.137091454982e+00   6.000000000000e+00
   1.098000000000e+01  -1.359510745713e+03   1.567824025663e+00   7.000000000000e+00
   1.112000000000e+01  -1.455844240457e+03  -3.137167040208e+00   8.000000000000e+00
   1.126000000000e+01  -1.557100167017e+03   1.567753378166e+00   9.000000000000e+00
   1.140000000000e+01  -1.663440815247e+03  -3.137233149583e+00   1.000000000000e+01
   1.154000000000e+01  -1.775031074097e+03   1.567691445768e+00   1.100000000000e+01
   1.168000000000e+01  -1.892038431619e+03  -3.137291231969e+00   1.200000000000e+01
   1.182000000000e+01  -2.014632974961e+03   1.567636916869e+00   1.300000000000e+01
   1.196000000000e+01  -2.142987390368e+03  -3.137342476739e+00   1.400000000000e+01
   1.210000000000e+01  -2.277276963188e+03   1.567588711151e+00   1.500000000000e+01
   1.224000000000e+01  -2.417679577862e+03  -3.137387866725e+00   1.600000000000e+01
   1.238000000000e+01  -2.564375717934e+03   1.567545933099e+00   1.700000000000e+01
   1.252000000000e+01  -2.717548466043e+03  -3.137428219096e+00   1.800000000000e+01
   1.266000000000e+01  -2.877383503929e+03   1.567507835957e+00   1.900000000000e+01
   1.280000000000e+01  -3.044069112428e+03  -3.137464217211e+00   2.000000000000e+01
   1.294000000000e+01  -3.217796171476e+03   1.567473793539e+00   2.100000000000e+01
   1.308000000000e+01  -3.398758160108e+03  -3.137496435616e+00   2.200000000000e+01
   1.322000000000e+01  -3.587151156455e+03   1.567443278012e+00   2.300000000000e+01
   1.336000000000e+01  -3.783173837748e+03  -3.137525359828e+00   2.400000000000e+01
   1.350000000000e+01  -3.987027480317e+03   1.567415842252e+00   2.500000000000e+01
   1.364000000000e+01  -4.198915959588e+03  -3.137551402088e+00   2.600000000000e+01
   1.378000000000e+01  -4.419045750088e+03   1.567391105748e+00   2.700000000000e+01
   1.392000000000e+01  -4.647625925442e+03  -3.137574914002e+00   2.800000000000e+01
   1.406000000000e+01  -4.884868158371e+03   1.567368743262e+00   2.900000000000e+01
   1.420000000000e+01  -5.130986720697e+03  -3.137596196733e+00   3.000000000000e+01
   1.434000000000e+01  -5.386198483339e+03   1.567348475643e+00   3.100000000000e+01
   1.448000000000e+01  -5.650722916316e+03  -3.137615509277e+00   3.200000000000e+01
   1.462000000000e+01  -5.924782088743e+03   1.567330062363e+00   3.300000000000e+01
   1.476000000000e+01  -6.208600668835e+03  -3.137633075219e+00   3.400000000000e+01
   1.490000000000e+01  -6.502405923905e+03   1.567313295400e+00   3.500000000000e+01
   1.504000000000e+01  -6.806427720365e+03  -3.137649088275e+00   3.600000000000e+01
   1.518000000000e+01  -7.120898523725e+03   1.567297994208e+00   3.700000000000e+01
   1.532000000000e+01  -7.446053398592e+03  -3.137663716856e+00   3.800000000000e+01
   1.546000000000e+01  -7.782130008673e+03   1.567284001563e+00   3.900000000000e+01
   1.560000000000e+01  -8.129368616774e+03  -3.137677107858e+00   4.000000000000e+01
   1.574000000000e+01  -8.488012084797e+03   1.567271180113e+00   4.100000000000e+01
   1.588000000000e+01  -8.858305873745e+03  -3.137689389810e+00   4.200000000000e+01
   1.602000000000e+01  -9.240498043718e+03   1.567259407001e+00   4.300000000000e+01
   1.616000000000e+01  -9.634836525731e+03  -3.137700675389e+00   4.400000000000e+01
   1.630000000000e+01  -1.004157713556e+04   1.567248579241e+00   4.500000000000e+01
   1.644000000000e+01  -1.046097572535e+04  -3.137711066160e+00   4.600000000000e+01
   1.658000000000e+01  -1.089329074626e+04   1.567238603576e+00   4.700000000000e+01
   1.672000000000e+01  -1.133878324849e+04  -3.137720647297e+00   4.800000000000e+01
   1.686000000000e+01  -1.179771688126e+04   1.567229397604e+00   4.900000000000e+01
   1.700000000000e+01  -1.227035789282e+04  -3.137729496333e+00   5.000000000000e+01
   1.714000000000e+01  -1.275697513046e+04   1.567220888328e+00   5.100000000000e+01
   1.728000000000e+01  -1.325784004047e+04  -3.137737682040e+00   5.200000000000e+01
   1.742000000000e+01  -1.377322666819e+04   1.567213010920e+00   5.300000000000e+01
   1.756000000000e+01  -1.430341165798e+04  -3.137745265561e+00   5.400000000000e+01
   1.770000000000e+01  -1.484867425323e+04   1.567205707676e+00   5.500000000000e+01
   1.784000000000e+01  -1.540929629636e+04  -3.137752301387e+00   5.600000000000e+01
   1.798000000000e+01  -1.598556222880e+04   1.567198927114e+00   5.700000000000e+01
   1.812000000000e+01  -1.657775909104e+04  -3.137758838182e+00   5.800000000000e+01
   1.826000000000e+01  -1.718617652256e+04   1.567192623205e+00   5.900000000000e+01
   1.840000000000e+01  -1.781110676189e+04  -3.137764919505e+00   6.000000000000e+01
   1.854000000000e+01  -1.845284464659e+04   1.567186754711e+00   6.100000000000e+01
   1.868000000000e+01  -1.911168761324e+04  -3.137770584420e+00   6.200000000000e+01
   1.882000000000e+01  -1.978793569745e+04   1.567181284607e+00   6.300000000000e+01
   1.896000000000e+01  -2.048189153385e+04  -3.137775868031e+00   6.400000000000e+01
   1.910000000000e+01  -2.119386035611e+04   1.567176179593e+00   6.500000000000e+01
   1.924000000000e+01  -2.192414999692e+04  -3.137780801944e+00   6.600000000000e+01
   1.938000000000e+01  -2.267307088800e+04   1.567171409658e+00   6.700000000000e+01
   1.952000000000e+01  -2.344093606010e+04  -3.137785414668e+00   6.800000000000e+01
   1.966000000000e+01  -2.422806114298e+04   1.567166947710e+00   6.900000000000e+01
   1.980000000000e+01  -2.503476436546e+04  -3.137789731962e+00   7.000000000000e+01
   1.994000000000e+01  -2.586136655536e+04   1.567162769246e+00   7.100000000000e+01
   2.008000000000e+01  -2.670819113954e+04  -3.137793777142e+00   7.200000000000e+01
   2.022000000000e+01  -2.757556414388e+04   1.567158852070e+00   7.300000000000e+01
   2.036000000000e+01  -2.846381419329e+04  -3.137797571345e+00   7.400000000000e+01
   2.050000000000e+01  -2.937327251172e+04   1.567155176043e+00   7.500000000000e+01
   2.064000000000e+01  -3.030427292214e+04  -3.137801133768e+00   7.600000000000e+01
   2.078000000000e+01  -3.125715184653e+04   1.567151722864e+00   7.700000000000e+01
   2.092000000000e+01  -3.223224830592e+04  -3.137804481866e+00   7.800000000000e+01
   2.106000000000e+01  -3.322990392036e+04   1.567148475873e+00   7.900000000000e+01
   2.120000000000e+01  -3.425046290893e+04  -3.137807631542e+00   8.000000000000e+01
   2.134000000000e+01  -3.529427208973e+04   1.567145419888e+00   8.100000000000e+01
   2.148000000000e+01  -3.636168087989e+04  -3.137810597299e+00   8.200000000000e+01
   2.162000000000e+01  -3.745304129558e+04   1.567142541049e+00   8.300000000000e+01
   2.176000000000e+01  -3.856870795199e+04  -3.137813392386e+00   8.400000000000e+01
   2.190000000000e+01  -3.970903806332e+04   1.567139826687e+00   8.500000000000e+01
   2.204000000000e+01  -4.087439144283e+04  -3.137816028920e+00   8.600000000000e+01
   2.218000000000e+01  -4.206513050278e+04   1.567137265207e+00   8.700000000000e+01
   2.232000000000e+01  -4.328162025447e+04  -3.137818518001e+00   8.800000000000e+01
   2.246000000000e+01  -4.452422830822e+04   1.567134845982e+00   8.900000000000e+01
   2.260000000000e+01  -4.579332487340e+04  -3.137820869806e+00   9.000000000000e+01
   2.274000000000e+01  -4.708928275838e+04   1.567132559262e+00   9.100000000000e+01
   2.288000000000e+01  -4.841247737057e+04  -3.137823093681e+00   9.200000000000e+01
   2.302000000000e+01  -4.976328671640e+04   1.567130396086e+00   9.300000000000e+01
   2.316000000000e+01  -5.114209140134e+04  -3.137825198218e+00   9.400000000000e+01
   2.330000000000e+01  -5.254927462988e+04   1.567128348213e+00   9.500000000000e+01
   2.344000000000e+01  -5.398522220555e+04  -3.137827191323e+00   9.600000000000e+01
   2.358000000000e+01  -5.545032253087e+04   1.567126408054e+00   9.700000000000e+01
   2.372000000000e+01  -5.694496660744e+04  -3.137829080284e+00   9.800000000000e+01
   2.386000000000e+01  -5.846954803585e+04   1.567124568611e+00   9.900000000000e+01
   2.400000000000e+01  -6.002446301572e+04  -3.137830871822e+00   1.000000000000e+02
   2.414000000000e+01  -6.161011034573e+04   1.567122823427e+00   1.010000000000e+02
   2.428000000000e+01  -6.322689142354e+04  -3.137832572144e+00   1.020000000000e+02
   2.442000000000e+01  -6.487521024588e+04   1.567121166534e+00   1.030000000000e+02
   2.456000000000e+01  -6.655547340848e+04  -3.137834186987e+00   1.040000000000e+02
   2.470000000000e+01  -6.826809010610e+04   1.567119592413e+00   1.050000000000e+02
   2.484000000000e+01  -7.001347213256e+04  -3.137835721662e+00   1.060000000000e+02
   2.498000000000e+01  -7.179203388065e+04   1.567118095956e+00   1.070000000000e+02
   2.512000000000e+01  -7.360419234224e+04  -3.137837181086e+00   1.080000000000e+02
   2.526000000000e+01  -7.545036710821e+04   1.567116672425e+00   1.090000000000e+02
   2.540000000000e+01  -7.733098036845e+04  -3.137838569821e+00   1.100000000000e+02
   2.554000000000e+01  -7.924645691190e+04   1.567115317429e+00   1.110000000000e+02
   2.568000000000e+01  -8.119722412651e+04  -3.137839892098e+00   1.120000000000e+02
   2.582000000000e+01  -8.318371199929e+04   1.567114026888e+00   1.130000000000e+02
   2.596000000000e+01  -8.520635311624e+04  -3.137841151849e+00   1.140000000000e+02
   2.610000000000e+01  -8.726558266240e+04   1.567112797012e+00   1.150000000000e+02
   2.624000000000e+01  -8.936183842184e+04  -3.137842352731e+00   1.160000000000e+02
   2.638000000000e+01  -9.149556077767e+04   1.567111624275e+00   1.170000000000e+02
   2.652000000000e+01  -9.366719271201e+04  -3.137843498144e+00   1.180000000000e+02
   2.666000000000e+01  -9.587717980601e+04   1.567110505394e+00   1.190000000000e+02
   2.680000000000e+01  -9.812597023984e+04  -3.137844591257e+00   1.200000000000e+02
   2.694000000000e+01  -1.004140147927e+05   1.567109437310e+00   1.210000000000e+02
   2.708000000000e+01  -1.027417668429e+05  -3.137845635024e+00   1.220000000000e+02
   2.722000000000e+01  -1.051096823676e+05   1.567108417171e+00   1.230000000000e+02
   2.736000000000e+01  -1.075182199432e+05  -3.137846632201e+00   1.240000000000e+02
   2.750000000000e+01  -1.099678407449e+05   1.567107442315e+00   1.250000000000e+02
   2.764000000000e+01  -1.124590085471e+05  -3.137847585359e+00   1.260000000000e+02
   2.778000000000e+01  -1.149921897232e+05   1.567106510254e+00   1.270000000000e+02
   2.792000000000e+01  -1.175678532456e+05  -3.137848496904e+00   1.280000000000e+02
   2.806000000000e+01  -1.201864706857e+05   1.567105618664e+00   1.290000000000e+02
   2.820000000000e+01  -1.228485162139e+05  -3.137849369082e+00   1.300000000000e+02
   2.834000000000e+01  -1.255544665998e+05   1.567104765371e+00   1.310000000000e+02
   2.848000000000e+01  -1.283048012119e+05  -3.137850203998e+00   1.320000000000e+02
   2.862000000000e+01  -1.311000020176e+05   1.567103948339e+00   1.330000000000e+02
   2.876000000000e+01  -1.339405535836e+05  -3.137851003623e+00   1.340000000000e+02
   2.890000000000e+01  -1.368269430755e+05   1.567103165661e+00   1.350000000000e+02
   2.904000000000e+01  -1.397596602578e+05  -3.137851769802e+00   1.360000000000e+02
   2.918000000000e+01  -1.427391974943e+05   1.567102415548e+00   1.370000000000e+02
   2.932000000000e+01  -1.457660497476e+05  -3.137852504267e+00   1.380000000000e+02
   2.946000000000e+01  -1.488407145793e+05   1.567101696324e+00   1.390000000000e+02
   2.960000000000e+01  -1.519636921504e+05  -3.137853208643e+00   1.400000000000e+02
   2.974000000000e+01  -1.551354852204e+05   1.567101006415e+00   1.410000000000e+02
   2.988000000000e+01  -1.583565991482e+05  -3.137853884456e+00   1.420000000000e+02
   3.002000000000e+01  -1.616275418916e+05   1.567100344339e+00   1.430000000000e+02
   3.016000000000e+01  -1.649488240075e+05  -3.137854533141e+00   1.440000000000e+02
   3.030000000000e+01  -1.683209586517e+05   1.567099708708e+00   1.450000000000e+02
   3.044000000000e+01  -1.717444615791e+05  -3.137855156045e+00   1.460000000000e+02
   3.058000000000e+01  -1.752198511436e+05   1.567099098213e+00   1.470000000000e+02
   3.072000000000e+01  -1.787476482982e+05  -3.137855754439e+00   1.480000000000e+02
   3.086000000000e+01  -1.823283765949e+05   1.567098511623e+00   1.490000000000e+02
   3.100000000000e+01  -1.859625621847e+05  -3.137856329515e+00   1.500000000000e+02
   3.114000000000e+01  -1.896507338175e+05   1.567097947779e+00   1.510000000000e+02
   3.128000000000e+01  -1.933934228426e+05  -3.137856882400e+00   1.520000000000e+02
   3.142000000000e+01  -1.971911632079e+05   1.567097405588e+00   1.530000000000e+02
   3.156000000000e+01  -2.010444914606e+05  -3.137857414154e+00   1.540000000000e+02
   3.170000000000e+01  -2.049539467468e+05   1.567096884021e+00   1.550000000000e+02
   3.184000000000e+01  -2.089200708118e+05  -3.137857925778e+00   1.560000000000e+02
   3.198000000000e+01  -2.129434079996e+05   1.567096382105e+00   1.570000000000e+02
   3.212000000000e+01  -2.170245052536e+05  -3.137858417748e+00   1.580000000000e+02
   3.226000000000e+01  -2.211639689108e+05   1.567095898453e+00   1.590000000000e+02
   3.240000000000e+01  -2.253622383285e+05  -3.137858891440e+00   1.600000000000e+02
   3.254000000000e+01  -2.296199242438e+05   1.567095433132e+00   1.610000000000e+02
   3.268000000000e+01  -2.339375839960e+05  -3.137859348136e+00   1.620000000000e+02
   3.282000000000e+01  -2.383157775236e+05   1.567094984861e+00   1.630000000000e+02
   3.296000000000e+01  -2.427550673639e+05  -3.137859788176e+00   1.640000000000e+02
   3.310000000000e+01  -2.472560186534e+05   1.567094552865e+00   1.650000000000e+02
   3.324000000000e+01  -2.518191991276e+05  -3.137860212312e+00   1.660000000000e+02
   3.338000000000e+01  -2.564451791211e+05   1.567094136411e+00   1.670000000000e+02
   3.352000000000e+01  -2.611345315673e+05  -3.137860621256e+00   1.680000000000e+02
   3.366000000000e+01  -2.658878319988e+05   1.567093734807e+00   1.690000000000e+02
   3.380000000000e+01  -2.707056585472e+05  -3.137861015683e+00   1.700000000000e+02
   3.394000000000e+01  -2.755885919432e+05   1.567093347397e+00   1.710000000000e+02
   3.408000000000e+01  -2.805372155163e+05  -3.137861396232e+00   1.720000000000e+02
   3.422000000000e+01  -2.855521151953e+05   1.567092973559e+00   1.730000000000e+02
   3.436000000000e+01  -2.906338795079e+05  -3.137861763508e+00   1.740000000000e+02
   3.450000000000e+01  -2.957830995808e+05   1.567092612702e+00   1.750000000000e+02
   3.464000000000e+01  -3.010003691398e+05  -3.137862118084e+00   1.760000000000e+02
   3.478000000000e+01  -3.062862845096e+05   1.567092264269e+00   1.770000000000e+02
   3.492000000000e+01  -3.116414446140e+05  -3.137862460506e+00   1.780000000000e+02
   3.506000000000e+01  -3.170664509760e+05   1.567091927729e+00   1.790000000000e+02
   3.520000000000e+01  -3.225619077173e+05  -3.137862791290e+00   1.800000000000e+02
   3.534000000000e+01  -3.281284215589e+05   1.567091602579e+00   1.810000000000e+02
   3.548000000000e+01  -3.337666018207e+05  -3.137863110927e+00   1.820000000000e+02
   3.562000000000e+01  -3.394770604217e+05   1.567091288340e+00   1.830000000000e+02
   3.576000000000e+01  -3.452604118798e+05  -3.137863419881e+00   1.840000000000e+02
   3.590000000000e+01  -3.511172733120e+05   1.567090984559e+00   1.850000000000e+02
   3.604000000000e+01  -3.570482644345e+05  -3.137863718596e+00   1.860000000000e+02
   3.618000000000e+01  -3.630540075621e+05   1.567090690804e+00   1.870000000000e+02
   3.632000000000e+01  -3.691351276091e+05  -3.137864007493e+00   1.880000000000e+02
   3.646000000000e+01  -3.752922520885e+05   1.567090406665e+00   1.890000000000e+02
   3.660000000000e+01  -3.815260111126e+05  -3.137864286972e+00   1.900000000000e+02
   3.674000000000e+01  -3.878370373924e+05   1.567090131751e+00   1.910000000000e+02
   3.688000000000e+01  -3.942259662381e+05  -3.137864557414e+00   1.920000000000e+02
   3.702000000000e+01  -4.006934355591e+05   1.567089865691e+00   1.930000000000e+02
   3.716000000000e+01  -4.072400858635e+05  -3.137864819181e+00   1.940000000000e+02
   3.730000000000e+01  -4.138665602587e+05   1.567089608131e+00   1.950000000000e+02
   3.744000000000e+01  -4.205735044509e+05  -3.137865072618e+00   1.960000000000e+02
   3.758000000000e+01  -4.273615667455e+05   1.567089358734e+00   1.970000000000e+02
   3.772000000000e+01  -4.342313980468e+05  -3.137865318055e+00   1.980000000000e+02
   3.786000000000e+01  -4.411836518583e+05   1.567089117180e+00   1.990000000000e+02
   3.800000000000e+01  -4.482189842824e+05  -3.137865555804e+00   2.000000000000e+02
   3.814000000000e+01  -4.553380540205e+05   1.567088883161e+00   2.010000000000e+02
   3.828000000000e+01  -4.625415223731e+05  -3.137865786164e+00   2.020000000000e+02
   3.842000000000e+01  -4.698300532397e+05   1.567088656388e+00   2.030000000000e+02
   3.856000000000e+01  -4.772043131188e+05  -3.137866009421e+00   2.040000000000e+02
   3.870000000000e+01  -4.846649711080e+05   1.567088436580e+00   2.050000000000e+02
   3.884000000000e+01  -4.922126989039e+05  -3.137866225845e+00   2.060000000000e+02
   3.898000000000e+01  -4.998481708021e+05   1.567088223474e+00   2.070000000000e+02
   3.912000000000e+01  -5.075720636972e+05  -3.137866435697e+00   2.080000000000e+02
   3.926000000000e+01  -5.153850570830e+05   1.567088016814e+00   2.090000000000e+02
   3.940000000000e+01  -5.232878330520e+05  -3.137866639224e+00   2.100000000000e+02
   3.954000000000e+01  -5.312810762961e+05   1.567087816360e+00   2.110000000000e+02
   3.968000000000e+01  -5.393654741059e+05  -3.137866836663e+00   2.120000000000e+02
   3.982000000000e+01  -5.475417163713e+05   1.567087621880e+00   2.130000000000e+02
   3.996000000000e+01  -5.558104955811e+05  -3.137867028240e+00   2.140000000000e+02
   4.010000000000e+01  -5.641725068231e+05   1.567087433153e+00   2.150000000000e+02
   4.024000000000e+01  -5.726284477842e+05  -3.137867214170e+00   2.160000000000e+02
   4.038000000000e+01  -5.811790187502e+05   1.567087249968e+00   2.170000000000e+02
   4.052000000000e+01  -5.898249226061e+05  -3.137867394660e+00   2.180000000000e+02
   4.066000000000e+01  -5.985668648358e+05   1.567087072123e+00   2.190000000000e+02
   4.080000000000e+01  -6.074055535223e+05  -3.137867569909e+00   2.200000000000e+02
   4.094000000000e+01  -6.163416993476e+05   1.567086899424e+00   2.210000000000e+02
   4.108000000000e+01  -6.253760155927e+05  -3.137867740104e+00   2.220000000000e+02
   4.122000000000e+01  -6.345092181377e+05   1.567086731687e+00   2.230000000000e+02
   4.136000000000e+01  -6.437420254617e+05  -3.137867905427e+00   2.240000000000e+02
   4.150000000000e+01  -6.530751586427e+05   1.567086568735e+00   2.250000000000e+02
   4.164000000000e+01  -6.625093413580e+05  -3.137868066050e+00   2.260000000000e+02
   4.178000000000e+01  -6.720452998836e+05   1.567086410399e+00   2.270000000000e+02
   4.192000000000e+01  -6.816837630948e+05  -3.137868222141e+00   2.280000000000e+02
   4.206000000000e+01  -6.914254624658e+05   1.567086256515e+00   2.290000000000e+02
   4.220000000000e+01  -7.012711320698e+05  -3.137868373857e+00   2.300000000000e+02
   4.234000000000e+01  -7.112215085792e+05   1.567086106929e+00   2.310000000000e+02
   4.248000000000e+01  -7.212773312652e+05  -3.137868521350e+00   2.320000000000e+02
   4.262000000000e+01  -7.314393419981e+05   1.567085961491e+00   2.330000000000e+02
   4.276000000000e+01  -7.417082852474e+05  -3.137868664767e+00   2.340000000000e+02
   4.290000000000e+01  -7.520849080813e+05   1.567085820059e+00   2.350000000000e+02
   4.304000000000e+01  -7.625699601674e+05  -3.137868804248e+00   2.360000000000e+02
   4.318000000000e+01  -7.731641937720e+05   1.567085682496e+00   2.370000000000e+02
   4.332000000000e+01  -7.838683637606e+05  -3.137868939927e+00   2.380000000000e+02
   4.346000000000e+01  -7.946832275978e+05   1.567085548670e+00   2.390000000000e+02
   4.360000000000e+01  -8.056095453470e+05  -3.137869071932e+00   2.400000000000e+02
   4.374000000000e+01  -8.166480796708e+05   1.567085418456e+00   2.410000000000e+02
   4.388000000000e+01  -8.277995958308e+05  -3.137869200386e+00   2.420000000000e+02
   4.402000000000e+01  -8.390648616876e+05   1.567085291731e+00   2.430000000000e+02
   4.416000000000e+01  -8.504446477008e+05  -3.137869325409e+00   2.440000000000e+02
   4.430000000000e+01  -8.619397269290e+05   1.567085168381e+00   2.450000000000e+02
   4.444000000000e+01  -8.735508750301e+05  -3.137869447115e+00   2.460000000000e+02
   4.458000000000e+01  -8.852788702606e+05   1.567085048293e+00   2.470000000000e+02
   4.472000000000e+01  -8.971244934764e+05  -3.137869565612e+00   2.480000000000e+02
   4.486000000000e+01  -9.090885281322e+05   1.567084931360e+00   2.490000000000e+02
   4.500000000000e+01  -9.211717602818e+05  -3.137869681006e+00   2.500000000000e+02
